2 0.00079146 
3 0.001423 
4 0.00226778 
5 0.0033224 
6 0.00458248 
7 0.00604311 
8 0.00769894 
9 0.00954431 
10 0.0115736 
11 0.0137809 
12 0.01616 
13 0.0187049 
14 0.0214095 
15 0.0242677 
16 0.0272732 
17 0.0304201 
18 0.0337023 
19 0.037114 
20 0.0406492 
21 0.0443021 
22 0.0480669 
23 0.0519381 
24 0.0559101 
25 0.0599777 
26 0.0641357 
27 0.0683789 
28 0.0727023 
29 0.0771012 
30 0.081571 
31 0.0861072 
32 0.0907053 
33 0.095361 
34 0.10007 
35 0.104828 
36 0.109632 
37 0.114478 
38 0.119361 
39 0.12428 
40 0.129232 
41 0.134212 
42 0.139218 
43 0.144248 
44 0.149298 
45 0.154367 
46 0.159451 
47 0.164549 
48 0.169659 
49 0.174778 
50 0.179905 
51 0.185039 
52 0.190178 
53 0.19532 
54 0.200465 
55 0.205611 
56 0.210757 
57 0.215902 
58 0.221046 
59 0.226188 
60 0.231327 
61 0.236464 
62 0.241598 
63 0.246729 
64 0.251856 
65 0.25698 
66 0.262101 
67 0.267218 
68 0.272332 
69 0.277444 
70 0.282554 
71 0.287662 
72 0.29277 
73 0.297878 
74 0.302986 
75 0.308095 
76 0.313207 
77 0.318321 
78 0.323439 
79 0.328563 
80 0.333692 
81 0.338829 
82 0.343975 
83 0.34913 
84 0.354296 
85 0.359473 
86 0.364664 
87 0.36987 
88 0.375091 
89 0.38033 
90 0.385587 
91 0.390864 
92 0.396162 
93 0.401483 
94 0.406828 
95 0.412199 
96 0.417596 
97 0.423021 
98 0.428476 
99 0.433962 
100 0.439479 
101 0.44503 
102 0.450616 
103 0.456238 
104 0.461898 
105 0.467595 
106 0.473332 
107 0.47911 
108 0.484929 
109 0.490792 
110 0.496698 
111 0.502649 
112 0.508646 
113 0.514689 
114 0.52078 
115 0.52692 
116 0.533109 
117 0.539347 
118 0.545636 
119 0.551977 
120 0.558368 
121 0.564813 
122 0.57131 
123 0.57786 
124 0.584464 
125 0.591122 
126 0.597834 
127 0.604602 
128 0.611424 
129 0.618301 
130 0.625233 
131 0.632221 
132 0.639263 
133 0.646361 
134 0.653512 
135 0.660718 
136 0.667978 
137 0.675291 
138 0.682656 
139 0.690074 
140 0.697542 
141 0.705061 
142 0.712629 
143 0.720247 
144 0.727914 
145 0.735628 
146 0.74339 
147 0.751199 
148 0.759053 
149 0.766952 
150 0.774895 
151 0.782881 
152 0.790909 
153 0.798976 
154 0.807083 
155 0.815227 
156 0.823407 
157 0.831621 
158 0.839868 
159 0.848146 
160 0.856452 
161 0.864786 
162 0.873145 
163 0.881528 
164 0.889934 
165 0.898362 
166 0.90681 
167 0.915277 
168 0.923761 
169 0.932261 
170 0.940774 
171 0.949299 
172 0.957835 
173 0.966378 
174 0.974929 
175 0.983483 
176 0.99204 
177 1.0006 
178 1.00915 
179 1.0177 
180 1.02624 
181 1.03478 
182 1.0433 
183 1.05181 
184 1.06031 
185 1.06879 
186 1.07725 
187 1.08569 
188 1.09411 
189 1.10251 
190 1.11089 
191 1.11924 
192 1.12756 
193 1.13585 
194 1.14411 
195 1.15234 
196 1.16053 
197 1.16868 
198 1.17679 
199 1.18486 
200 1.19288 
201 1.20086 
202 1.20879 
203 1.21667 
204 1.2245 
205 1.23228 
206 1.24001 
207 1.24768 
208 1.2553 
209 1.26286 
210 1.27036 
211 1.27781 
212 1.28519 
213 1.29252 
214 1.29978 
215 1.30698 
216 1.31412 
217 1.32119 
218 1.32819 
219 1.33512 
220 1.34199 
221 1.34878 
222 1.35551 
223 1.36216 
224 1.36874 
225 1.37524 
226 1.38167 
227 1.38802 
228 1.39429 
229 1.40049 
230 1.40661 
231 1.41265 
232 1.41861 
233 1.4245 
234 1.43031 
235 1.43604 
236 1.44169 
237 1.44726 
238 1.45275 
239 1.45817 
240 1.46351 
241 1.46877 
242 1.47395 
243 1.47905 
244 1.48408 
245 1.48902 
246 1.49389 
247 1.49869 
248 1.50341 
249 1.50805 
250 1.51261 
251 1.5171 
252 1.52151 
253 1.52585 
254 1.53012 
255 1.53431 
256 1.53844 
257 1.54248 
258 1.54646 
259 1.55037 
260 1.55421 
261 1.55797 
262 1.56168 
263 1.56531 
264 1.56888 
265 1.57238 
266 1.57582 
267 1.5792 
268 1.58251 
269 1.58576 
270 1.58896 
271 1.5921 
272 1.59518 
273 1.5982 
274 1.60117 
275 1.60409 
276 1.60696 
277 1.60978 
278 1.61255 
279 1.61527 
280 1.61795 
281 1.62058 
282 1.62317 
283 1.62572 
284 1.62823 
285 1.6307 
286 1.63314 
287 1.63554 
288 1.6379 
289 1.64024 
290 1.64254 
291 1.64481 
292 1.64706 
293 1.64929 
294 1.65149 
295 1.65367 
296 1.65583 
297 1.65798 
298 1.66011 
299 1.66222 
300 1.66433 
301 1.66643 
302 1.66852 
303 1.67061 
304 1.67269 
305 1.67476 
306 1.67683 
307 1.6789 
308 1.68097 
309 1.68303 
310 1.68509 
311 1.68715 
312 1.68922 
313 1.69128 
314 1.69335 
315 1.69542 
316 1.6975 
317 1.69958 
318 1.70167 
319 1.70376 
320 1.70587 
321 1.70798 
322 1.7101 
323 1.71223 
324 1.71438 
325 1.71653 
326 1.7187 
327 1.72089 
328 1.72309 
329 1.7253 
330 1.72754 
331 1.72979 
332 1.73206 
333 1.73436 
334 1.73667 
335 1.73901 
336 1.74136 
337 1.74375 
338 1.74616 
339 1.74859 
340 1.75106 
341 1.75355 
342 1.75607 
343 1.75862 
344 1.76121 
345 1.76382 
346 1.76647 
347 1.76916 
348 1.77188 
349 1.77464 
350 1.77743 
351 1.78027 
352 1.78314 
353 1.78606 
354 1.78901 
355 1.792 
356 1.79503 
357 1.7981 
358 1.8012 
359 1.80435 
360 1.80753 
361 1.81074 
362 1.814 
363 1.81729 
364 1.82062 
365 1.82398 
366 1.82737 
367 1.8308 
368 1.83427 
369 1.83777 
370 1.8413 
371 1.84486 
372 1.84846 
373 1.85209 
374 1.85575 
375 1.85943 
376 1.86315 
377 1.86689 
378 1.87067 
379 1.87446 
380 1.87829 
381 1.88214 
382 1.88601 
383 1.88991 
384 1.89383 
385 1.89777 
386 1.90173 
387 1.90572 
388 1.90972 
389 1.91373 
390 1.91776 
391 1.92181 
392 1.92587 
393 1.92995 
394 1.93403 
395 1.93813 
396 1.94223 
397 1.94635 
398 1.95046 
399 1.95459 
400 1.95871 
401 1.96284 
402 1.96697 
403 1.9711 
404 1.97523 
405 1.97935 
406 1.98348 
407 1.9876 
408 1.99172 
409 1.99584 
410 1.99995 
411 2.00405 
412 2.00815 
413 2.01224 
414 2.01633 
415 2.0204 
416 2.02446 
417 2.02852 
418 2.03256 
419 2.03658 
420 2.0406 
421 2.0446 
422 2.04858 
423 2.05254 
424 2.05649 
425 2.06042 
426 2.06432 
427 2.06821 
428 2.07207 
429 2.07591 
430 2.07972 
431 2.08351 
432 2.08727 
433 2.091 
434 2.0947 
435 2.09837 
436 2.10201 
437 2.10561 
438 2.10918 
439 2.11271 
440 2.1162 
441 2.11965 
442 2.12307 
443 2.12644 
444 2.12976 
445 2.13304 
446 2.13627 
447 2.13946 
448 2.14259 
449 2.14568 
450 2.14871 
451 2.15168 
452 2.1546 
453 2.15747 
454 2.16027 
455 2.16303 
456 2.16573 
457 2.16837 
458 2.17096 
459 2.17349 
460 2.17596 
461 2.17838 
462 2.18075 
463 2.18306 
464 2.18531 
465 2.1875 
466 2.18964 
467 2.19172 
468 2.19375 
469 2.19572 
470 2.19763 
471 2.19949 
472 2.20129 
473 2.20304 
474 2.20473 
475 2.20636 
476 2.20793 
477 2.20945 
478 2.21091 
479 2.21232 
480 2.21367 
481 2.21496 
482 2.2162 
483 2.21738 
484 2.2185 
485 2.21957 
486 2.22058 
487 2.22154 
488 2.22244 
489 2.22328 
490 2.22407 
491 2.2248 
492 2.22548 
493 2.2261 
494 2.22667 
495 2.22718 
496 2.22763 
497 2.22803 
498 2.22837 
499 2.22866 
500 2.2289 
501 2.22908 
502 2.22921 
503 2.22928 
504 2.2293 
505 2.22927 
506 2.22918 
507 2.22905 
508 2.22887 
509 2.22864 
510 2.22836 
511 2.22803 
512 2.22765 
513 2.22723 
514 2.22677 
515 2.22626 
516 2.22571 
517 2.22511 
518 2.22447 
519 2.2238 
520 2.22308 
521 2.22233 
522 2.22153 
523 2.2207 
524 2.21984 
525 2.21894 
526 2.218 
527 2.21703 
528 2.21604 
529 2.21501 
530 2.21395 
531 2.21286 
532 2.21174 
533 2.2106 
534 2.20944 
535 2.20825 
536 2.20703 
537 2.2058 
538 2.20454 
539 2.20327 
540 2.20198 
541 2.20067 
542 2.19935 
543 2.19801 
544 2.19666 
545 2.1953 
546 2.19393 
547 2.19254 
548 2.19116 
549 2.18976 
550 2.18837 
551 2.18696 
552 2.18556 
553 2.18416 
554 2.18275 
555 2.18134 
556 2.17993 
557 2.17853 
558 2.17712 
559 2.17571 
560 2.17431 
561 2.17291 
562 2.17152 
563 2.17012 
564 2.16874 
565 2.16735 
566 2.16598 
567 2.16461 
568 2.16324 
569 2.16189 
570 2.16054 
571 2.1592 
572 2.15788 
573 2.15656 
574 2.15525 
575 2.15396 
576 2.15267 
577 2.1514 
578 2.15015 
579 2.14891 
580 2.14768 
581 2.14647 
582 2.14528 
583 2.1441 
584 2.14294 
585 2.14181 
586 2.14069 
587 2.13959 
588 2.13851 
589 2.13745 
590 2.13641 
591 2.1354 
592 2.13442 
593 2.13345 
594 2.13252 
595 2.1316 
596 2.13072 
597 2.12986 
598 2.12904 
599 2.12824 
600 2.12747 
601 2.12673 
602 2.12603 
603 2.12535 
604 2.1247 
605 2.12409 
606 2.1235 
607 2.12295 
608 2.12242 
609 2.12193 
610 2.12146 
611 2.12102 
612 2.12061 
613 2.12023 
614 2.11987 
615 2.11954 
616 2.11924 
617 2.11897 
618 2.11873 
619 2.11851 
620 2.11831 
621 2.11815 
622 2.118 
623 2.11789 
624 2.11779 
625 2.11772 
626 2.11768 
627 2.11766 
628 2.11766 
629 2.11768 
630 2.11773 
631 2.11779 
632 2.11788 
633 2.11799 
634 2.11812 
635 2.11827 
636 2.11844 
637 2.11863 
638 2.11884 
639 2.11906 
640 2.1193 
641 2.11956 
642 2.11983 
643 2.12012 
644 2.12043 
645 2.12075 
646 2.12108 
647 2.12143 
648 2.12179 
649 2.12216 
650 2.12255 
651 2.12294 
652 2.12335 
653 2.12376 
654 2.12418 
655 2.12462 
656 2.12506 
657 2.12551 
658 2.12596 
659 2.12642 
660 2.12689 
661 2.12736 
662 2.12784 
663 2.12832 
664 2.1288 
665 2.12929 
666 2.12977 
667 2.13026 
668 2.13075 
669 2.13123 
670 2.13172 
671 2.1322 
672 2.13268 
673 2.13316 
674 2.13363 
675 2.1341 
676 2.13456 
677 2.13502 
678 2.13546 
679 2.1359 
680 2.13633 
681 2.13675 
682 2.13716 
683 2.13756 
684 2.13794 
685 2.13831 
686 2.13867 
687 2.13901 
688 2.13933 
689 2.13964 
690 2.13993 
691 2.1402 
692 2.14045 
693 2.14068 
694 2.14089 
695 2.14107 
696 2.14123 
697 2.14137 
698 2.14148 
699 2.14156 
700 2.14162 
701 2.14164 
702 2.14164 
703 2.1416 
704 2.14154 
705 2.14145 
706 2.14133 
707 2.14118 
708 2.14099 
709 2.14078 
710 2.14054 
711 2.14026 
712 2.13996 
713 2.13962 
714 2.13926 
715 2.13886 
716 2.13843 
717 2.13797 
718 2.13748 
719 2.13695 
720 2.1364 
721 2.13581 
722 2.13519 
723 2.13454 
724 2.13385 
725 2.13313 
726 2.13238 
727 2.13159 
728 2.13078 
729 2.12992 
730 2.12904 
731 2.12812 
732 2.12717 
733 2.12618 
734 2.12516 
735 2.1241 
736 2.12301 
737 2.12188 
738 2.12072 
739 2.11953 
740 2.1183 
741 2.11703 
742 2.11573 
743 2.11439 
744 2.11301 
745 2.1116 
746 2.11016 
747 2.10867 
748 2.10715 
749 2.10559 
750 2.104 
751 2.10237 
752 2.1007 
753 2.09899 
754 2.09725 
755 2.09548 
756 2.09366 
757 2.09182 
758 2.08994 
759 2.08802 
760 2.08608 
761 2.0841 
762 2.08208 
763 2.08004 
764 2.07797 
765 2.07586 
766 2.07372 
767 2.07156 
768 2.06936 
769 2.06714 
770 2.06489 
771 2.06261 
772 2.06031 
773 2.05797 
774 2.05562 
775 2.05323 
776 2.05083 
777 2.0484 
778 2.04594 
779 2.04346 
780 2.04096 
781 2.03844 
782 2.0359 
783 2.03334 
784 2.03075 
785 2.02815 
786 2.02553 
787 2.02289 
788 2.02024 
789 2.01757 
790 2.01488 
791 2.01218 
792 2.00946 
793 2.00673 
794 2.00399 
795 2.00123 
796 1.99847 
797 1.99569 
798 1.9929 
799 1.9901 
800 1.98729 
801 1.98448 
802 1.98166 
803 1.97883 
804 1.97599 
805 1.97315 
806 1.9703 
807 1.96745 
808 1.9646 
809 1.96174 
810 1.95887 
811 1.956 
812 1.95313 
813 1.95026 
814 1.94739 
815 1.94452 
816 1.94164 
817 1.93877 
818 1.93589 
819 1.93302 
820 1.93015 
821 1.92728 
822 1.92442 
823 1.92156 
824 1.9187 
825 1.91585 
826 1.913 
827 1.91016 
828 1.90732 
829 1.90449 
830 1.90167 
831 1.89886 
832 1.89606 
833 1.89326 
834 1.89048 
835 1.8877 
836 1.88494 
837 1.88219 
838 1.87945 
839 1.87672 
840 1.87401 
841 1.87132 
842 1.86863 
843 1.86597 
844 1.86332 
845 1.86068 
846 1.85807 
847 1.85547 
848 1.85289 
849 1.85033 
850 1.8478 
851 1.84528 
852 1.84278 
853 1.84031 
854 1.83785 
855 1.83542 
856 1.83301 
857 1.83062 
858 1.82825 
859 1.8259 
860 1.82358 
861 1.82127 
862 1.81898 
863 1.81672 
864 1.81448 
865 1.81226 
866 1.81005 
867 1.80787 
868 1.80572 
869 1.80358 
870 1.80146 
871 1.79936 
872 1.79729 
873 1.79523 
874 1.7932 
875 1.79119 
876 1.7892 
877 1.78722 
878 1.78527 
879 1.78334 
880 1.78143 
881 1.77954 
882 1.77768 
883 1.77583 
884 1.774 
885 1.77219 
886 1.7704 
887 1.76864 
888 1.76689 
889 1.76516 
890 1.76346 
891 1.76177 
892 1.7601 
893 1.75845 
894 1.75683 
895 1.75522 
896 1.75363 
897 1.75206 
898 1.75051 
899 1.74898 
900 1.74747 
901 1.74598 
902 1.74451 
903 1.74305 
904 1.74161 
905 1.7402 
906 1.73879 
907 1.73741 
908 1.73604 
909 1.73469 
910 1.73335 
911 1.73203 
912 1.73073 
913 1.72944 
914 1.72816 
915 1.7269 
916 1.72565 
917 1.72441 
918 1.72319 
919 1.72198 
920 1.72078 
921 1.71959 
922 1.71841 
923 1.71724 
924 1.71609 
925 1.71494 
926 1.7138 
927 1.71267 
928 1.71155 
929 1.71044 
930 1.70933 
931 1.70823 
932 1.70713 
933 1.70604 
934 1.70496 
935 1.70388 
936 1.70281 
937 1.70174 
938 1.70067 
939 1.69961 
940 1.69854 
941 1.69748 
942 1.69642 
943 1.69536 
944 1.6943 
945 1.69324 
946 1.69218 
947 1.69112 
948 1.69005 
949 1.68898 
950 1.68791 
951 1.68683 
952 1.68575 
953 1.68467 
954 1.68358 
955 1.68249 
956 1.68139 
957 1.68028 
958 1.67917 
959 1.67805 
960 1.67693 
961 1.6758 
962 1.67467 
963 1.67352 
964 1.67237 
965 1.67122 
966 1.67005 
967 1.66888 
968 1.6677 
969 1.66651 
970 1.66531 
971 1.6641 
972 1.66289 
973 1.66166 
974 1.66042 
975 1.65918 
976 1.65792 
977 1.65665 
978 1.65538 
979 1.65409 
980 1.65278 
981 1.65147 
982 1.65015 
983 1.64881 
984 1.64746 
985 1.6461 
986 1.64472 
987 1.64333 
988 1.64192 
989 1.64051 
990 1.63907 
991 1.63763 
992 1.63616 
993 1.63468 
994 1.63319 
995 1.63168 
996 1.63015 
997 1.62861 
998 1.62704 
999 1.62547 
1000 1.62387 
1001 1.62225 
1002 1.62062 
1003 1.61897 
1004 1.6173 
1005 1.61562 
1006 1.61391 
1007 1.61219 
1008 1.61045 
1009 1.6087 
1010 1.60692 
1011 1.60514 
1012 1.60333 
1013 1.60151 
1014 1.59967 
1015 1.59781 
1016 1.59594 
1017 1.59406 
1018 1.59215 
1019 1.59024 
1020 1.5883 
1021 1.58635 
1022 1.58439 
1023 1.58241 
1024 1.58042 
1025 1.57841 
1026 1.57639 
1027 1.57435 
1028 1.5723 
1029 1.57024 
1030 1.56816 
1031 1.56607 
1032 1.56396 
1033 1.56184 
1034 1.55971 
1035 1.55757 
1036 1.55541 
1037 1.55324 
1038 1.55106 
1039 1.54887 
1040 1.54666 
1041 1.54445 
1042 1.54222 
1043 1.53998 
1044 1.53773 
1045 1.53547 
1046 1.5332 
1047 1.53091 
1048 1.52862 
1049 1.52632 
1050 1.524 
1051 1.52168 
1052 1.51935 
1053 1.51701 
1054 1.51466 
1055 1.5123 
1056 1.50993 
1057 1.50756 
1058 1.50518 
1059 1.50279 
1060 1.50039 
1061 1.49799 
1062 1.49558 
1063 1.49316 
1064 1.49074 
1065 1.48831 
1066 1.48588 
1067 1.48344 
1068 1.481 
1069 1.47856 
1070 1.47611 
1071 1.47366 
1072 1.4712 
1073 1.46874 
1074 1.46628 
1075 1.46382 
1076 1.46135 
1077 1.45889 
1078 1.45642 
1079 1.45395 
1080 1.45148 
1081 1.44901 
1082 1.44655 
1083 1.44408 
1084 1.44161 
1085 1.43915 
1086 1.43668 
1087 1.43422 
1088 1.43176 
1089 1.42931 
1090 1.42686 
1091 1.42441 
1092 1.42196 
1093 1.41952 
1094 1.41709 
1095 1.41466 
1096 1.41223 
1097 1.40981 
1098 1.4074 
1099 1.405 
1100 1.4026 
1101 1.40021 
1102 1.39782 
1103 1.39545 
1104 1.39308 
1105 1.39072 
1106 1.38837 
1107 1.38603 
1108 1.38369 
1109 1.38137 
1110 1.37905 
1111 1.37674 
1112 1.37444 
1113 1.37214 
1114 1.36986 
1115 1.36759 
1116 1.36532 
1117 1.36307 
1118 1.36082 
1119 1.35858 
1120 1.35635 
1121 1.35414 
1122 1.35193 
1123 1.34973 
1124 1.34754 
1125 1.34536 
1126 1.34319 
1127 1.34103 
1128 1.33888 
1129 1.33675 
1130 1.33462 
1131 1.3325 
1132 1.3304 
1133 1.3283 
1134 1.32622 
1135 1.32414 
1136 1.32208 
1137 1.32003 
1138 1.31799 
1139 1.31596 
1140 1.31395 
1141 1.31194 
1142 1.30995 
1143 1.30797 
1144 1.306 
1145 1.30405 
1146 1.3021 
1147 1.30017 
1148 1.29825 
1149 1.29634 
1150 1.29445 
1151 1.29257 
1152 1.2907 
1153 1.28884 
1154 1.287 
1155 1.28517 
1156 1.28335 
1157 1.28154 
1158 1.27974 
1159 1.27796 
1160 1.27619 
1161 1.27442 
1162 1.27267 
1163 1.27093 
1164 1.2692 
1165 1.26749 
1166 1.26578 
1167 1.26408 
1168 1.26239 
1169 1.26072 
1170 1.25905 
1171 1.25739 
1172 1.25574 
1173 1.2541 
1174 1.25247 
1175 1.25085 
1176 1.24924 
1177 1.24763 
1178 1.24604 
1179 1.24445 
1180 1.24287 
1181 1.2413 
1182 1.23973 
1183 1.23817 
1184 1.23662 
1185 1.23508 
1186 1.23354 
1187 1.23201 
1188 1.23049 
1189 1.22897 
1190 1.22746 
1191 1.22596 
1192 1.22446 
1193 1.22296 
1194 1.22147 
1195 1.21999 
1196 1.21851 
1197 1.21703 
1198 1.21556 
1199 1.21409 
1200 1.21263 
1201 1.21117 
1202 1.20971 
1203 1.20826 
1204 1.20681 
1205 1.20536 
1206 1.20392 
1207 1.20248 
1208 1.20104 
1209 1.1996 
1210 1.19816 
1211 1.19673 
1212 1.1953 
1213 1.19387 
1214 1.19244 
1215 1.19101 
1216 1.18958 
1217 1.18815 
1218 1.18673 
1219 1.1853 
1220 1.18387 
1221 1.18245 
1222 1.18102 
1223 1.17959 
1224 1.17816 
1225 1.17674 
1226 1.1753 
1227 1.17387 
1228 1.17244 
1229 1.17101 
1230 1.16957 
1231 1.16813 
1232 1.16669 
1233 1.16524 
1234 1.1638 
1235 1.16235 
1236 1.16089 
1237 1.15944 
1238 1.15798 
1239 1.15651 
1240 1.15504 
1241 1.15357 
1242 1.15209 
1243 1.15061 
1244 1.14912 
1245 1.14763 
1246 1.14613 
1247 1.14463 
1248 1.14312 
1249 1.1416 
1250 1.14008 
1251 1.13855 
1252 1.13701 
1253 1.13547 
1254 1.13392 
1255 1.13236 
1256 1.1308 
1257 1.12923 
1258 1.12765 
1259 1.12607 
1260 1.12447 
1261 1.12288 
1262 1.12127 
1263 1.11966 
1264 1.11805 
1265 1.11642 
1266 1.11479 
1267 1.11315 
1268 1.11151 
1269 1.10986 
1270 1.1082 
1271 1.10654 
1272 1.10487 
1273 1.10319 
1274 1.10151 
1275 1.09982 
1276 1.09812 
1277 1.09642 
1278 1.09471 
1279 1.09299 
1280 1.09127 
1281 1.08954 
1282 1.08781 
1283 1.08606 
1284 1.08431 
1285 1.08256 
1286 1.0808 
1287 1.07903 
1288 1.07726 
1289 1.07547 
1290 1.07369 
1291 1.07189 
1292 1.07009 
1293 1.06829 
1294 1.06647 
1295 1.06465 
1296 1.06283 
1297 1.061 
1298 1.05916 
1299 1.05731 
1300 1.05546 
1301 1.0536 
1302 1.05174 
1303 1.04987 
1304 1.048 
1305 1.04612 
1306 1.04423 
1307 1.04234 
1308 1.04044 
1309 1.03854 
1310 1.03663 
1311 1.03472 
1312 1.0328 
1313 1.03088 
1314 1.02895 
1315 1.02702 
1316 1.02509 
1317 1.02315 
1318 1.02121 
1319 1.01927 
1320 1.01732 
1321 1.01537 
1322 1.01342 
1323 1.01146 
1324 1.0095 
1325 1.00754 
1326 1.00557 
1327 1.00361 
1328 1.00164 
1329 0.999668 
1330 0.997696 
1331 0.995723 
1332 0.993748 
1333 0.991773 
1334 0.989796 
1335 0.987819 
1336 0.985841 
1337 0.983863 
1338 0.981885 
1339 0.979907 
1340 0.977929 
1341 0.975951 
1342 0.973974 
1343 0.971997 
1344 0.970022 
1345 0.968048 
1346 0.966075 
1347 0.964103 
1348 0.962133 
1349 0.960165 
1350 0.9582 
1351 0.956236 
1352 0.954275 
1353 0.952316 
1354 0.95036 
1355 0.948407 
1356 0.946457 
1357 0.944509 
1358 0.942565 
1359 0.940624 
1360 0.938686 
1361 0.936752 
1362 0.934821 
1363 0.932894 
1364 0.93097 
1365 0.929051 
1366 0.927135 
1367 0.925224 
1368 0.923317 
1369 0.921414 
1370 0.919516 
1371 0.917622 
1372 0.915733 
1373 0.913849 
1374 0.91197 
1375 0.910096 
1376 0.908227 
1377 0.906364 
1378 0.904506 
1379 0.902653 
1380 0.900807 
1381 0.898966 
1382 0.897131 
1383 0.895302 
1384 0.89348 
1385 0.891664 
1386 0.889854 
1387 0.888051 
1388 0.886255 
1389 0.884465 
1390 0.882683 
1391 0.880908 
1392 0.87914 
1393 0.877379 
1394 0.875626 
1395 0.873881 
1396 0.872143 
1397 0.870413 
1398 0.868692 
1399 0.866978 
1400 0.865273 
1401 0.863577 
1402 0.861889 
1403 0.860209 
1404 0.858538 
1405 0.856875 
1406 0.85522 
1407 0.853574 
1408 0.851936 
1409 0.850306 
1410 0.848685 
1411 0.847071 
1412 0.845466 
1413 0.843869 
1414 0.842281 
1415 0.8407 
1416 0.839127 
1417 0.837562 
1418 0.836006 
1419 0.834457 
1420 0.832916 
1421 0.831383 
1422 0.829858 
1423 0.828341 
1424 0.826831 
1425 0.82533 
1426 0.823836 
1427 0.822349 
1428 0.820871 
1429 0.8194 
1430 0.817936 
1431 0.81648 
1432 0.815032 
1433 0.81359 
1434 0.812157 
1435 0.810731 
1436 0.809312 
1437 0.8079 
1438 0.806496 
1439 0.805098 
1440 0.803708 
1441 0.802326 
1442 0.80095 
1443 0.799581 
1444 0.798219 
1445 0.796865 
1446 0.795517 
1447 0.794176 
1448 0.792842 
1449 0.791514 
1450 0.790194 
1451 0.78888 
1452 0.787572 
1453 0.786271 
1454 0.784977 
1455 0.783689 
1456 0.782406 
1457 0.78113 
1458 0.77986 
1459 0.778596 
1460 0.777337 
1461 0.776084 
1462 0.774836 
1463 0.773593 
1464 0.772356 
1465 0.771124 
1466 0.769897 
1467 0.768674 
1468 0.767457 
1469 0.766243 
1470 0.765035 
1471 0.763831 
1472 0.76263 
1473 0.761435 
1474 0.760242 
1475 0.759054 
1476 0.75787 
1477 0.756689 
1478 0.755512 
1479 0.754337 
1480 0.753166 
1481 0.751999 
1482 0.750834 
1483 0.749671 
1484 0.748512 
1485 0.747355 
1486 0.7462 
1487 0.745048 
1488 0.743897 
1489 0.742749 
1490 0.741602 
1491 0.740457 
1492 0.739314 
1493 0.738172 
1494 0.737031 
1495 0.735891 
1496 0.734753 
1497 0.733615 
1498 0.732477 
1499 0.731341 
1500 0.730204 
1501 0.729068 
1502 0.727932 
1503 0.726796 
1504 0.72566 
1505 0.724524 
1506 0.723389 
1507 0.722253 
1508 0.721116 
1509 0.71998 
1510 0.718843 
1511 0.717707 
1512 0.716569 
1513 0.715432 
1514 0.714293 
1515 0.713155 
1516 0.712015 
1517 0.710875 
1518 0.709735 
1519 0.708593 
1520 0.707451 
1521 0.706308 
1522 0.705164 
1523 0.704019 
1524 0.702873 
1525 0.701726 
1526 0.700577 
1527 0.699428 
1528 0.698277 
1529 0.697125 
1530 0.695971 
1531 0.694816 
1532 0.693659 
1533 0.692501 
1534 0.691341 
1535 0.69018 
1536 0.689017 
1537 0.687852 
1538 0.686685 
1539 0.685516 
1540 0.684345 
1541 0.683171 
1542 0.681996 
1543 0.680819 
1544 0.679639 
1545 0.678457 
1546 0.677272 
1547 0.676085 
1548 0.674896 
1549 0.673704 
1550 0.672509 
1551 0.671311 
1552 0.670111 
1553 0.668908 
1554 0.667703 
1555 0.666495 
1556 0.665284 
1557 0.664071 
1558 0.662855 
1559 0.661637 
1560 0.660417 
1561 0.659194 
1562 0.657969 
1563 0.656742 
1564 0.655513 
1565 0.654282 
1566 0.653048 
1567 0.651813 
1568 0.650575 
1569 0.649336 
1570 0.648095 
1571 0.646852 
1572 0.645607 
1573 0.64436 
1574 0.643112 
1575 0.641862 
1576 0.64061 
1577 0.639357 
1578 0.638102 
1579 0.636846 
1580 0.635589 
1581 0.63433 
1582 0.63307 
1583 0.631808 
1584 0.630546 
1585 0.629282 
1586 0.628017 
1587 0.626751 
1588 0.625484 
1589 0.624217 
1590 0.622948 
1591 0.621678 
1592 0.620408 
1593 0.619137 
1594 0.617865 
1595 0.616593 
1596 0.61532 
1597 0.614046 
1598 0.612772 
1599 0.611498 
1600 0.610223 
1601 0.608948 
1602 0.607673 
1603 0.606397 
1604 0.605122 
1605 0.603846 
1606 0.602571 
1607 0.601295 
1608 0.60002 
1609 0.598745 
1610 0.597471 
1611 0.596196 
1612 0.594923 
1613 0.593649 
1614 0.592377 
1615 0.591105 
1616 0.589833 
1617 0.588563 
1618 0.587294 
1619 0.586025 
1620 0.584758 
1621 0.583491 
1622 0.582226 
1623 0.580962 
1624 0.5797 
1625 0.578439 
1626 0.577179 
1627 0.575921 
1628 0.574665 
1629 0.57341 
1630 0.572158 
1631 0.570907 
1632 0.569658 
1633 0.568411 
1634 0.567166 
1635 0.565924 
1636 0.564683 
1637 0.563445 
1638 0.56221 
1639 0.560977 
1640 0.559747 
1641 0.558519 
1642 0.557294 
1643 0.556072 
1644 0.554853 
1645 0.553637 
1646 0.552424 
1647 0.551214 
1648 0.550007 
1649 0.548804 
1650 0.547604 
1651 0.546408 
1652 0.545215 
1653 0.544026 
1654 0.54284 
1655 0.541658 
1656 0.54048 
1657 0.539305 
1658 0.538134 
1659 0.536966 
1660 0.535803 
1661 0.534643 
1662 0.533487 
1663 0.532334 
1664 0.531186 
1665 0.530041 
1666 0.5289 
1667 0.527763 
1668 0.52663 
1669 0.525501 
1670 0.524376 
1671 0.523255 
1672 0.522138 
1673 0.521024 
1674 0.519915 
1675 0.51881 
1676 0.51771 
1677 0.516613 
1678 0.51552 
1679 0.514432 
1680 0.513348 
1681 0.512268 
1682 0.511192 
1683 0.510121 
1684 0.509053 
1685 0.507991 
1686 0.506932 
1687 0.505878 
1688 0.504829 
1689 0.503783 
1690 0.502742 
1691 0.501706 
1692 0.500674 
1693 0.499647 
1694 0.498624 
1695 0.497606 
1696 0.496593 
1697 0.495584 
1698 0.494579 
1699 0.49358 
1700 0.492585 
1701 0.491595 
1702 0.490609 
1703 0.489628 
1704 0.488652 
1705 0.48768 
1706 0.486713 
1707 0.485751 
1708 0.484792 
1709 0.483838 
1710 0.482889 
1711 0.481944 
1712 0.481003 
1713 0.480066 
1714 0.479133 
1715 0.478205 
1716 0.477281 
1717 0.47636 
1718 0.475444 
1719 0.474532 
1720 0.473623 
1721 0.472718 
1722 0.471818 
1723 0.470921 
1724 0.470027 
1725 0.469138 
1726 0.468252 
1727 0.467369 
1728 0.46649 
1729 0.465615 
1730 0.464743 
1731 0.463874 
1732 0.463009 
1733 0.462147 
1734 0.461288 
1735 0.460432 
1736 0.45958 
1737 0.45873 
1738 0.457884 
1739 0.457041 
1740 0.4562 
1741 0.455362 
1742 0.454528 
1743 0.453696 
1744 0.452866 
1745 0.45204 
1746 0.451216 
1747 0.450394 
1748 0.449575 
1749 0.448759 
1750 0.447944 
1751 0.447133 
1752 0.446323 
1753 0.445516 
1754 0.444711 
1755 0.443908 
1756 0.443107 
1757 0.442308 
1758 0.441511 
1759 0.440716 
1760 0.439923 
1761 0.439132 
1762 0.438343 
1763 0.437555 
1764 0.43677 
1765 0.435985 
1766 0.435203 
1767 0.434422 
1768 0.433642 
1769 0.432864 
1770 0.432087 
1771 0.431312 
1772 0.430538 
1773 0.429765 
1774 0.428993 
1775 0.428223 
1776 0.427453 
1777 0.426685 
1778 0.425917 
1779 0.425151 
1780 0.424385 
1781 0.42362 
1782 0.422856 
1783 0.422092 
1784 0.42133 
1785 0.420567 
1786 0.419805 
1787 0.419044 
1788 0.418283 
1789 0.417523 
1790 0.416763 
1791 0.416002 
1792 0.415243 
1793 0.414483 
1794 0.413723 
1795 0.412964 
1796 0.412204 
1797 0.411444 
1798 0.410684 
1799 0.409924 
1800 0.409163 
1801 0.408402 
1802 0.407641 
1803 0.406879 
1804 0.406117 
1805 0.405355 
1806 0.404592 
1807 0.403829 
1808 0.403066 
1809 0.402302 
1810 0.401538 
1811 0.400774 
1812 0.40001 
1813 0.399245 
1814 0.398479 
1815 0.397714 
1816 0.396948 
1817 0.396182 
1818 0.395415 
1819 0.394649 
1820 0.393882 
1821 0.393114 
1822 0.392347 
1823 0.391579 
1824 0.390811 
1825 0.390043 
1826 0.389274 
1827 0.388505 
1828 0.387736 
1829 0.386967 
1830 0.386197 
1831 0.385427 
1832 0.384657 
1833 0.383887 
1834 0.383116 
1835 0.382345 
1836 0.381574 
1837 0.380803 
1838 0.380032 
1839 0.37926 
1840 0.378488 
1841 0.377716 
1842 0.376944 
1843 0.376172 
1844 0.375399 
1845 0.374626 
1846 0.373853 
1847 0.37308 
1848 0.372307 
1849 0.371534 
1850 0.37076 
1851 0.369986 
1852 0.369212 
1853 0.368438 
1854 0.367664 
1855 0.36689 
1856 0.366116 
1857 0.365342 
1858 0.364568 
1859 0.363794 
1860 0.36302 
1861 0.362246 
1862 0.361473 
1863 0.360699 
1864 0.359926 
1865 0.359153 
1866 0.35838 
1867 0.357608 
1868 0.356836 
1869 0.356064 
1870 0.355292 
1871 0.354521 
1872 0.353751 
1873 0.352981 
1874 0.352211 
1875 0.351442 
1876 0.350674 
1877 0.349906 
1878 0.349139 
1879 0.348372 
1880 0.347606 
1881 0.346841 
1882 0.346077 
1883 0.345313 
1884 0.34455 
1885 0.343788 
1886 0.343027 
1887 0.342267 
1888 0.341507 
1889 0.340749 
1890 0.339991 
1891 0.339235 
1892 0.33848 
1893 0.337726 
1894 0.336972 
1895 0.336221 
1896 0.33547 
1897 0.33472 
1898 0.333972 
1899 0.333225 
1900 0.332479 
1901 0.331735 
1902 0.330992 
1903 0.33025 
1904 0.32951 
1905 0.328772 
1906 0.328035 
1907 0.327299 
1908 0.326565 
1909 0.325833 
1910 0.325103 
1911 0.324374 
1912 0.323647 
1913 0.322922 
1914 0.322199 
1915 0.321477 
1916 0.320758 
1917 0.32004 
1918 0.319325 
1919 0.318612 
1920 0.317901 
1921 0.317191 
1922 0.316485 
1923 0.31578 
1924 0.315078 
1925 0.314377 
1926 0.31368 
1927 0.312984 
1928 0.312292 
1929 0.311601 
1930 0.310913 
1931 0.310228 
1932 0.309545 
1933 0.308865 
1934 0.308188 
1935 0.307514 
1936 0.306842 
1937 0.306173 
1938 0.305507 
1939 0.304844 
1940 0.304184 
1941 0.303526 
1942 0.302872 
1943 0.302221 
1944 0.301573 
1945 0.300929 
1946 0.300287 
1947 0.299649 
1948 0.299014 
1949 0.298383 
1950 0.297755 
1951 0.29713 
1952 0.296509 
1953 0.295891 
1954 0.295276 
1955 0.294665 
1956 0.294056 
1957 0.29345 
1958 0.292847 
1959 0.292247 
1960 0.291649 
1961 0.291054 
1962 0.290462 
1963 0.289871 
1964 0.289284 
1965 0.288698 
1966 0.288114 
1967 0.287532 
1968 0.286952 
1969 0.286374 
1970 0.285798 
1971 0.285223 
1972 0.28465 
1973 0.284078 
1974 0.283507 
1975 0.282937 
1976 0.282369 
1977 0.281801 
1978 0.281235 
1979 0.280669 
1980 0.280104 
1981 0.27954 
1982 0.278976 
1983 0.278412 
1984 0.277849 
1985 0.277285 
1986 0.276722 
1987 0.276159 
1988 0.275596 
1989 0.275032 
1990 0.274468 
1991 0.273904 
1992 0.273339 
1993 0.272773 
1994 0.272207 
1995 0.271639 
1996 0.271071 
1997 0.270502 
1998 0.269931 
1999 0.269359 
2000 0.268786 
