2 379.152 
3 265.943 
4 203.389 
5 163.963 
6 137.12 
7 117.873 
8 103.561 
9 92.7018 
10 84.153 
11 77.3764 
12 72.1686 
13 67.8681 
14 64.4844 
15 61.9251 
16 59.7296 
17 57.9397 
18 56.6917 
19 55.9906 
20 55.6796 
21 55.507 
22 55.4588 
23 55.5792 
24 55.8858 
25 56.3645 
26 56.9815 
27 57.739 
28 58.6389 
29 59.6666 
30 60.7878 
31 61.962 
32 63.1906 
33 64.4853 
34 65.8549 
35 67.3045 
36 68.8355 
37 70.4448 
38 72.1245 
39 73.8612 
40 75.6358 
41 77.4287 
42 79.2376 
43 81.0652 
44 82.9134 
45 84.7832 
46 86.6753 
47 88.5892 
48 90.5237 
49 92.4764 
50 94.4442 
51 96.4233 
52 98.4135 
53 100.415 
54 102.427 
55 104.448 
56 106.479 
57 108.516 
58 110.559 
59 112.603 
60 114.646 
61 116.684 
62 118.716 
63 120.743 
64 122.763 
65 124.777 
66 126.784 
67 128.783 
68 130.773 
69 132.754 
70 134.724 
71 136.682 
72 138.627 
73 140.558 
74 142.477 
75 144.381 
76 146.271 
77 148.145 
78 150.002 
79 151.843 
80 153.665 
81 155.468 
82 157.251 
83 159.014 
84 160.757 
85 162.479 
86 164.18 
87 165.859 
88 167.517 
89 169.152 
90 170.764 
91 172.352 
92 173.917 
93 175.457 
94 176.973 
95 178.464 
96 179.931 
97 181.371 
98 182.787 
99 184.175 
100 185.538 
101 186.873 
102 188.181 
103 189.463 
104 190.716 
105 191.943 
106 193.142 
107 194.314 
108 195.458 
109 196.575 
110 197.664 
111 198.725 
112 199.759 
113 200.765 
114 201.742 
115 202.691 
116 203.612 
117 204.505 
118 205.369 
119 206.204 
120 207.01 
121 207.787 
122 208.535 
123 209.254 
124 209.944 
125 210.606 
126 211.238 
127 211.842 
128 212.418 
129 212.965 
130 213.483 
131 213.974 
132 214.436 
133 214.871 
134 215.277 
135 215.656 
136 216.007 
137 216.331 
138 216.627 
139 216.895 
140 217.136 
141 217.35 
142 217.537 
143 217.697 
144 217.831 
145 217.937 
146 218.018 
147 218.073 
148 218.102 
149 218.105 
150 218.083 
151 218.035 
152 217.963 
153 217.866 
154 217.744 
155 217.598 
156 217.428 
157 217.234 
158 217.016 
159 216.774 
160 216.509 
161 216.221 
162 215.91 
163 215.577 
164 215.221 
165 214.843 
166 214.443 
167 214.022 
168 213.579 
169 213.116 
170 212.632 
171 212.127 
172 211.603 
173 211.058 
174 210.495 
175 209.911 
176 209.309 
177 208.688 
178 208.049 
179 207.391 
180 206.715 
181 206.022 
182 205.311 
183 204.584 
184 203.839 
185 203.078 
186 202.301 
187 201.508 
188 200.699 
189 199.876 
190 199.037 
191 198.184 
192 197.316 
193 196.434 
194 195.539 
195 194.63 
196 193.708 
197 192.773 
198 191.825 
199 190.865 
200 189.893 
201 188.909 
202 187.913 
203 186.907 
204 185.889 
205 184.861 
206 183.822 
207 182.774 
208 181.716 
209 180.648 
210 179.572 
211 178.487 
212 177.393 
213 176.291 
214 175.181 
215 174.064 
216 172.939 
217 171.808 
218 170.669 
219 169.524 
220 168.373 
221 167.215 
222 166.052 
223 164.883 
224 163.709 
225 162.53 
226 161.345 
227 160.157 
228 158.964 
229 157.767 
230 156.566 
231 155.362 
232 154.154 
233 152.944 
234 151.73 
235 150.515 
236 149.297 
237 148.077 
238 146.856 
239 145.633 
240 144.408 
241 143.183 
242 141.957 
243 140.73 
244 139.503 
245 138.276 
246 137.048 
247 135.821 
248 134.594 
249 133.368 
250 132.142 
251 130.918 
252 129.694 
253 128.472 
254 127.251 
255 126.031 
256 124.814 
257 123.599 
258 122.386 
259 121.176 
260 119.969 
261 118.764 
262 117.563 
263 116.365 
264 115.17 
265 113.979 
266 112.792 
267 111.609 
268 110.429 
269 109.254 
270 108.084 
271 106.917 
272 105.756 
273 104.599 
274 103.446 
275 102.299 
276 101.157 
277 100.019 
278 98.8874 
279 97.7608 
280 96.6397 
281 95.5243 
282 94.4147 
283 93.3109 
284 92.2131 
285 91.1215 
286 90.036 
287 88.9568 
288 87.8839 
289 86.8175 
290 85.7575 
291 84.7042 
292 83.6574 
293 82.6173 
294 81.5839 
295 80.5572 
296 79.5373 
297 78.5242 
298 77.5179 
299 76.5184 
300 75.5257 
301 74.5398 
302 73.5608 
303 72.5888 
304 71.624 
305 70.6664 
306 69.7162 
307 68.7735 
308 67.8384 
309 66.9109 
310 65.9911 
311 65.0792 
312 64.1752 
313 63.2792 
314 62.3913 
315 61.5115 
316 60.6398 
317 59.7765 
318 58.9214 
319 58.0747 
320 57.2363 
321 56.4064 
322 55.585 
323 54.772 
324 53.9675 
325 53.1715 
326 52.3841 
327 51.6052 
328 50.8349 
329 50.073 
330 49.3197 
331 48.5749 
332 47.8385 
333 47.1106 
334 46.3911 
335 45.6799 
336 44.9771 
337 44.2825 
338 43.5961 
339 42.9179 
340 42.2477 
341 41.5855 
342 40.9312 
343 40.2847 
344 39.646 
345 39.0148 
346 38.3911 
347 37.7748 
348 37.1658 
349 36.5639 
350 35.9689 
351 35.3808 
352 34.7996 
353 34.2253 
354 33.6579 
355 33.0975 
356 32.5441 
357 31.9976 
358 31.4581 
359 30.9257 
360 30.4003 
361 29.8819 
362 29.3706 
363 28.8663 
364 28.369 
365 27.8788 
366 27.3956 
367 26.9194 
368 26.4502 
369 25.988 
370 25.5327 
371 25.0843 
372 24.6429 
373 24.2083 
374 23.7805 
375 23.3595 
376 22.9453 
377 22.5377 
378 22.1368 
379 21.7425 
380 21.3547 
381 20.9734 
382 20.5985 
383 20.2299 
384 19.8676 
385 19.5115 
386 19.1615 
387 18.8175 
388 18.4794 
389 18.1472 
390 17.8207 
391 17.4998 
392 17.1845 
393 16.8746 
394 16.57 
395 16.2706 
396 15.9763 
397 15.687 
398 15.4024 
399 15.1226 
400 14.8473 
401 14.5764 
402 14.31 
403 14.0479 
404 13.7902 
405 13.5369 
406 13.2879 
407 13.0433 
408 12.8031 
409 12.5671 
410 12.3355 
411 12.1081 
412 11.885 
413 11.6661 
414 11.4514 
415 11.2409 
416 11.0345 
417 10.8322 
418 10.6341 
419 10.4399 
420 10.2498 
421 10.0637 
422 9.88152 
423 9.70322 
424 9.52877 
425 9.35812 
426 9.19123 
427 9.02805 
428 8.86852 
429 8.71259 
430 8.56022 
431 8.41133 
432 8.26588 
433 8.12379 
434 7.98502 
435 7.84948 
436 7.71713 
437 7.58787 
438 7.46166 
439 7.3384 
440 7.21804 
441 7.10048 
442 6.98565 
443 6.87347 
444 6.76385 
445 6.65672 
446 6.55197 
447 6.44953 
448 6.34929 
449 6.25117 
450 6.15506 
451 6.06089 
452 5.96863 
453 5.87826 
454 5.78979 
455 5.7032 
456 5.61848 
457 5.53561 
458 5.45459 
459 5.37541 
460 5.29804 
461 5.22248 
462 5.14871 
463 5.07671 
464 5.00648 
465 4.93798 
466 4.87121 
467 4.80615 
468 4.74277 
469 4.68106 
470 4.621 
471 4.56257 
472 4.50574 
473 4.4505 
474 4.39682 
475 4.34468 
476 4.29405 
477 4.2449 
478 4.19722 
479 4.15098 
480 4.10614 
481 4.06268 
482 4.02058 
483 3.9798 
484 3.94031 
485 3.90209 
486 3.86509 
487 3.82929 
488 3.79466 
489 3.76116 
490 3.72875 
491 3.6974 
492 3.66708 
493 3.63775 
494 3.60936 
495 3.58189 
496 3.55529 
497 3.52952 
498 3.50454 
499 3.48032 
500 3.45679 
501 3.43394 
502 3.41175 
503 3.39021 
504 3.36933 
505 3.34911 
506 3.32953 
507 3.31059 
508 3.2923 
509 3.27465 
510 3.25763 
511 3.24124 
512 3.22548 
513 3.21034 
514 3.19581 
515 3.1819 
516 3.16859 
517 3.15589 
518 3.14379 
519 3.13227 
520 3.12135 
521 3.111 
522 3.10122 
523 3.09202 
524 3.08338 
525 3.07529 
526 3.06775 
527 3.06075 
528 3.05429 
529 3.04835 
530 3.04294 
531 3.03803 
532 3.03363 
533 3.02973 
534 3.02632 
535 3.02338 
536 3.02092 
537 3.01892 
538 3.01737 
539 3.01627 
540 3.0156 
541 3.01536 
542 3.01553 
543 3.01611 
544 3.01709 
545 3.01845 
546 3.02018 
547 3.02228 
548 3.02473 
549 3.02752 
550 3.03065 
551 3.03409 
552 3.03785 
553 3.04193 
554 3.04632 
555 3.05103 
556 3.05606 
557 3.06139 
558 3.06704 
559 3.073 
560 3.07927 
561 3.08585 
562 3.09274 
563 3.09993 
564 3.10743 
565 3.11523 
566 3.12333 
567 3.13173 
568 3.14044 
569 3.14943 
570 3.15873 
571 3.16831 
572 3.17819 
573 3.18836 
574 3.19882 
575 3.20956 
576 3.22059 
577 3.2319 
578 3.24348 
579 3.25535 
580 3.26749 
581 3.2799 
582 3.29258 
583 3.30554 
584 3.31875 
585 3.33223 
586 3.34597 
587 3.35997 
588 3.37422 
589 3.38872 
590 3.40347 
591 3.41847 
592 3.43371 
593 3.44919 
594 3.46491 
595 3.48086 
596 3.49704 
597 3.51345 
598 3.53008 
599 3.54694 
600 3.56401 
601 3.58129 
602 3.59878 
603 3.61648 
604 3.63438 
605 3.65248 
606 3.67078 
607 3.68927 
608 3.70795 
609 3.72681 
610 3.74586 
611 3.76509 
612 3.78449 
613 3.80406 
614 3.82379 
615 3.84369 
616 3.86375 
617 3.88396 
618 3.90433 
619 3.92483 
620 3.94548 
621 3.96627 
622 3.98719 
623 4.00823 
624 4.0294 
625 4.05069 
626 4.0721 
627 4.09361 
628 4.11523 
629 4.13694 
630 4.15875 
631 4.18065 
632 4.20264 
633 4.2247 
634 4.24684 
635 4.26905 
636 4.29132 
637 4.31364 
638 4.33602 
639 4.35845 
640 4.38092 
641 4.40342 
642 4.42595 
643 4.4485 
644 4.47108 
645 4.49366 
646 4.51625 
647 4.53884 
648 4.56142 
649 4.58399 
650 4.60653 
651 4.62905 
652 4.65155 
653 4.674 
654 4.69642 
655 4.71879 
656 4.74111 
657 4.76338 
658 4.78559 
659 4.80773 
660 4.82981 
661 4.85181 
662 4.87373 
663 4.89557 
664 4.91732 
665 4.93897 
666 4.96052 
667 4.98197 
668 5.00331 
669 5.02454 
670 5.04564 
671 5.06661 
672 5.08746 
673 5.10816 
674 5.12872 
675 5.14913 
676 5.16939 
677 5.18948 
678 5.20941 
679 5.22917 
680 5.24875 
681 5.26814 
682 5.28734 
683 5.30634 
684 5.32514 
685 5.34374 
686 5.36211 
687 5.38026 
688 5.39819 
689 5.41588 
690 5.43332 
691 5.45052 
692 5.46747 
693 5.48415 
694 5.50056 
695 5.5167 
696 5.53256 
697 5.54813 
698 5.5634 
699 5.57837 
700 5.59303 
701 5.60737 
702 5.62139 
703 5.63509 
704 5.64847 
705 5.66152 
706 5.67425 
707 5.68664 
708 5.6987 
709 5.71043 
710 5.72182 
711 5.73287 
712 5.74358 
713 5.75395 
714 5.76398 
715 5.77365 
716 5.78298 
717 5.79196 
718 5.80058 
719 5.80885 
720 5.81676 
721 5.82432 
722 5.83151 
723 5.83833 
724 5.84479 
725 5.85088 
726 5.85661 
727 5.86196 
728 5.86693 
729 5.87153 
730 5.87575 
731 5.87959 
732 5.88305 
733 5.88612 
734 5.88881 
735 5.89111 
736 5.89301 
737 5.89453 
738 5.89564 
739 5.89637 
740 5.89669 
741 5.89661 
742 5.89612 
743 5.89523 
744 5.89394 
745 5.89223 
746 5.89011 
747 5.88758 
748 5.88463 
749 5.88126 
750 5.87748 
751 5.87327 
752 5.86864 
753 5.8636 
754 5.85813 
755 5.85226 
756 5.84597 
757 5.83926 
758 5.83216 
759 5.82464 
760 5.81672 
761 5.8084 
762 5.79968 
763 5.79056 
764 5.78105 
765 5.77115 
766 5.76085 
767 5.75017 
768 5.7391 
769 5.72765 
770 5.71582 
771 5.70362 
772 5.69104 
773 5.67809 
774 5.66477 
775 5.65108 
776 5.63703 
777 5.62263 
778 5.60786 
779 5.59274 
780 5.57727 
781 5.56146 
782 5.5453 
783 5.5288 
784 5.51196 
785 5.49478 
786 5.47728 
787 5.45945 
788 5.44129 
789 5.42282 
790 5.40403 
791 5.38492 
792 5.36551 
793 5.34579 
794 5.32577 
795 5.30545 
796 5.28483 
797 5.26393 
798 5.24274 
799 5.22127 
800 5.19952 
801 5.17749 
802 5.1552 
803 5.13264 
804 5.10982 
805 5.08674 
806 5.06341 
807 5.03983 
808 5.01601 
809 4.99194 
810 4.96764 
811 4.9431 
812 4.91834 
813 4.89335 
814 4.86815 
815 4.84273 
816 4.8171 
817 4.79127 
818 4.76524 
819 4.73901 
820 4.7126 
821 4.68599 
822 4.65921 
823 4.63225 
824 4.60512 
825 4.57783 
826 4.55038 
827 4.52277 
828 4.49501 
829 4.46711 
830 4.43907 
831 4.41089 
832 4.38259 
833 4.35417 
834 4.32563 
835 4.29697 
836 4.26822 
837 4.23936 
838 4.21041 
839 4.18137 
840 4.15225 
841 4.12305 
842 4.09379 
843 4.06445 
844 4.03507 
845 4.00563 
846 3.97614 
847 3.94662 
848 3.91706 
849 3.88747 
850 3.85787 
851 3.82825 
852 3.79863 
853 3.76899 
854 3.73936 
855 3.70972 
856 3.68008 
857 3.65045 
858 3.62083 
859 3.59123 
860 3.56164 
861 3.53207 
862 3.50252 
863 3.473 
864 3.44351 
865 3.41405 
866 3.38463 
867 3.35525 
868 3.32592 
869 3.29663 
870 3.2674 
871 3.23822 
872 3.2091 
873 3.18004 
874 3.15104 
875 3.12212 
876 3.09327 
877 3.0645 
878 3.03581 
879 3.00721 
880 2.9787 
881 2.95027 
882 2.92195 
883 2.89373 
884 2.86561 
885 2.8376 
886 2.80971 
887 2.78193 
888 2.75428 
889 2.72675 
890 2.69935 
891 2.67208 
892 2.64495 
893 2.61797 
894 2.59113 
895 2.56444 
896 2.53791 
897 2.51154 
898 2.48533 
899 2.45929 
900 2.43343 
901 2.40774 
902 2.38223 
903 2.3569 
904 2.33175 
905 2.30677 
906 2.28198 
907 2.25737 
908 2.23294 
909 2.2087 
910 2.18463 
911 2.16075 
912 2.13705 
913 2.11354 
914 2.09021 
915 2.06707 
916 2.04412 
917 2.02135 
918 1.99876 
919 1.97637 
920 1.95416 
921 1.93214 
922 1.91031 
923 1.88866 
924 1.86721 
925 1.84595 
926 1.82488 
927 1.804 
928 1.78331 
929 1.76281 
930 1.7425 
931 1.72239 
932 1.70247 
933 1.68274 
934 1.66321 
935 1.64387 
936 1.62472 
937 1.60577 
938 1.58702 
939 1.56846 
940 1.55009 
941 1.53192 
942 1.51395 
943 1.49618 
944 1.4786 
945 1.46122 
946 1.44403 
947 1.42705 
948 1.41026 
949 1.39367 
950 1.37728 
951 1.36108 
952 1.34509 
953 1.32929 
954 1.31369 
955 1.29829 
956 1.28308 
957 1.26806 
958 1.25323 
959 1.2386 
960 1.22416 
961 1.20991 
962 1.19585 
963 1.18198 
964 1.16829 
965 1.15479 
966 1.14148 
967 1.12835 
968 1.1154 
969 1.10264 
970 1.09005 
971 1.07765 
972 1.06542 
973 1.05338 
974 1.04151 
975 1.02981 
976 1.01829 
977 1.00694 
978 0.995762 
979 0.984756 
980 0.973918 
981 0.963248 
982 0.952745 
983 0.942407 
984 0.932233 
985 0.922221 
986 0.91237 
987 0.902679 
988 0.893147 
989 0.883771 
990 0.874551 
991 0.865485 
992 0.856571 
993 0.847808 
994 0.839195 
995 0.830729 
996 0.82241 
997 0.814235 
998 0.806204 
999 0.798314 
1000 0.790565 
1001 0.782953 
1002 0.775479 
1003 0.76814 
1004 0.760937 
1005 0.753867 
1006 0.74693 
1007 0.740125 
1008 0.73345 
1009 0.726904 
1010 0.720485 
1011 0.714194 
1012 0.708028 
1013 0.701986 
1014 0.696067 
1015 0.69027 
1016 0.684593 
1017 0.679035 
1018 0.673595 
1019 0.668272 
1020 0.663063 
1021 0.657968 
1022 0.652985 
1023 0.648113 
1024 0.643351 
1025 0.638696 
1026 0.634148 
1027 0.629706 
1028 0.625367 
1029 0.62113 
1030 0.616993 
1031 0.612956 
1032 0.609016 
1033 0.605172 
1034 0.601423 
1035 0.597766 
1036 0.594201 
1037 0.590725 
1038 0.587338 
1039 0.584036 
1040 0.58082 
1041 0.577686 
1042 0.574633 
1043 0.57166 
1044 0.568765 
1045 0.565946 
1046 0.563201 
1047 0.560529 
1048 0.557927 
1049 0.555394 
1050 0.552929 
1051 0.550529 
1052 0.548193 
1053 0.545922 
1054 0.543716 
1055 0.541573 
1056 0.539493 
1057 0.537477 
1058 0.535523 
1059 0.533632 
1060 0.531802 
1061 0.530034 
1062 0.528327 
1063 0.526681 
1064 0.525095 
1065 0.523568 
1066 0.522101 
1067 0.520694 
1068 0.519344 
1069 0.518053 
1070 0.51682 
1071 0.515643 
1072 0.514524 
1073 0.513461 
1074 0.512454 
1075 0.511502 
1076 0.510605 
1077 0.509762 
1078 0.508973 
1079 0.508238 
1080 0.507556 
1081 0.506926 
1082 0.506348 
1083 0.505822 
1084 0.505346 
1085 0.504921 
1086 0.504546 
1087 0.504219 
1088 0.503942 
1089 0.503713 
1090 0.503532 
1091 0.503398 
1092 0.50331 
1093 0.503268 
1094 0.503272 
1095 0.50332 
1096 0.503413 
1097 0.50355 
1098 0.503729 
1099 0.503951 
1100 0.504215 
1101 0.50452 
1102 0.504866 
1103 0.505253 
1104 0.50568 
1105 0.506148 
1106 0.506656 
1107 0.507204 
1108 0.507792 
1109 0.508419 
1110 0.509085 
1111 0.509791 
1112 0.510536 
1113 0.511319 
1114 0.51214 
1115 0.513 
1116 0.513897 
1117 0.514832 
1118 0.515805 
1119 0.516814 
1120 0.517861 
1121 0.518944 
1122 0.520063 
1123 0.521219 
1124 0.52241 
1125 0.523637 
1126 0.5249 
1127 0.526197 
1128 0.527529 
1129 0.528896 
1130 0.530296 
1131 0.531731 
1132 0.533199 
1133 0.534701 
1134 0.536236 
1135 0.537803 
1136 0.539403 
1137 0.541035 
1138 0.542699 
1139 0.544394 
1140 0.546121 
1141 0.547878 
1142 0.549666 
1143 0.551484 
1144 0.553332 
1145 0.55521 
1146 0.557117 
1147 0.559053 
1148 0.561018 
1149 0.563011 
1150 0.565031 
1151 0.56708 
1152 0.569155 
1153 0.571257 
1154 0.573385 
1155 0.575539 
1156 0.577717 
1157 0.57992 
1158 0.582147 
1159 0.584398 
1160 0.586671 
1161 0.588967 
1162 0.591284 
1163 0.593623 
1164 0.595982 
1165 0.598362 
1166 0.600761 
1167 0.603179 
1168 0.605616 
1169 0.60807 
1170 0.610542 
1171 0.61303 
1172 0.615535 
1173 0.618055 
1174 0.62059 
1175 0.623139 
1176 0.625702 
1177 0.628278 
1178 0.630866 
1179 0.633466 
1180 0.636078 
1181 0.6387 
1182 0.641332 
1183 0.643974 
1184 0.646624 
1185 0.649282 
1186 0.651947 
1187 0.65462 
1188 0.657298 
1189 0.659982 
1190 0.66267 
1191 0.665363 
1192 0.668058 
1193 0.670757 
1194 0.673458 
1195 0.67616 
1196 0.678862 
1197 0.681565 
1198 0.684267 
1199 0.686967 
1200 0.689665 
1201 0.69236 
1202 0.695052 
1203 0.69774 
1204 0.700423 
1205 0.703102 
1206 0.705776 
1207 0.708444 
1208 0.711106 
1209 0.713761 
1210 0.716409 
1211 0.71905 
1212 0.721682 
1213 0.724307 
1214 0.726922 
1215 0.729527 
1216 0.732122 
1217 0.734707 
1218 0.737281 
1219 0.739844 
1220 0.742395 
1221 0.744933 
1222 0.747458 
1223 0.749969 
1224 0.752466 
1225 0.754949 
1226 0.757417 
1227 0.759869 
1228 0.762305 
1229 0.764725 
1230 0.767127 
1231 0.769511 
1232 0.771878 
1233 0.774225 
1234 0.776553 
1235 0.778861 
1236 0.781149 
1237 0.783416 
1238 0.785661 
1239 0.787884 
1240 0.790084 
1241 0.792261 
1242 0.794414 
1243 0.796543 
1244 0.798647 
1245 0.800725 
1246 0.802777 
1247 0.804803 
1248 0.806801 
1249 0.808771 
1250 0.810713 
1251 0.812625 
1252 0.814509 
1253 0.816362 
1254 0.818184 
1255 0.819976 
1256 0.821737 
1257 0.823465 
1258 0.825161 
1259 0.826825 
1260 0.828455 
1261 0.830052 
1262 0.831614 
1263 0.833142 
1264 0.834634 
1265 0.836091 
1266 0.837512 
1267 0.838896 
1268 0.840243 
1269 0.841552 
1270 0.842824 
1271 0.844057 
1272 0.84525 
1273 0.846404 
1274 0.847518 
1275 0.848592 
1276 0.849624 
1277 0.850615 
1278 0.851564 
1279 0.85247 
1280 0.853333 
1281 0.854152 
1282 0.854927 
1283 0.855658 
1284 0.856343 
1285 0.856982 
1286 0.857575 
1287 0.858122 
1288 0.858621 
1289 0.859072 
1290 0.859474 
1291 0.859828 
1292 0.860132 
1293 0.860386 
1294 0.86059 
1295 0.860742 
1296 0.860843 
1297 0.860891 
1298 0.860887 
1299 0.860829 
1300 0.860717 
1301 0.860551 
1302 0.860331 
1303 0.860057 
1304 0.859728 
1305 0.859346 
1306 0.858911 
1307 0.858423 
1308 0.857882 
1309 0.857288 
1310 0.856642 
1311 0.855944 
1312 0.855194 
1313 0.854393 
1314 0.85354 
1315 0.852636 
1316 0.851681 
1317 0.850676 
1318 0.84962 
1319 0.848515 
1320 0.847359 
1321 0.846155 
1322 0.844901 
1323 0.843598 
1324 0.842247 
1325 0.840847 
1326 0.8394 
1327 0.837905 
1328 0.836362 
1329 0.834772 
1330 0.833136 
1331 0.831452 
1332 0.829723 
1333 0.827948 
1334 0.826127 
1335 0.824261 
1336 0.82235 
1337 0.820395 
1338 0.818395 
1339 0.816351 
1340 0.814264 
1341 0.812133 
1342 0.809959 
1343 0.807743 
1344 0.805484 
1345 0.803184 
1346 0.800842 
1347 0.798458 
1348 0.796034 
1349 0.793569 
1350 0.791064 
1351 0.788519 
1352 0.785935 
1353 0.783312 
1354 0.780652 
1355 0.777954 
1356 0.775219 
1357 0.772448 
1358 0.769641 
1359 0.7668 
1360 0.763925 
1361 0.761015 
1362 0.758073 
1363 0.755099 
1364 0.752093 
1365 0.749056 
1366 0.745989 
1367 0.742893 
1368 0.739767 
1369 0.736613 
1370 0.733431 
1371 0.730223 
1372 0.726988 
1373 0.723728 
1374 0.720444 
1375 0.717135 
1376 0.713802 
1377 0.710447 
1378 0.70707 
1379 0.703672 
1380 0.700254 
1381 0.696815 
1382 0.693358 
1383 0.689882 
1384 0.686389 
1385 0.682879 
1386 0.679353 
1387 0.675812 
1388 0.672257 
1389 0.668687 
1390 0.665105 
1391 0.66151 
1392 0.657904 
1393 0.654288 
1394 0.650661 
1395 0.647026 
1396 0.643382 
1397 0.639731 
1398 0.636074 
1399 0.632411 
1400 0.628742 
1401 0.62507 
1402 0.621393 
1403 0.617714 
1404 0.614031 
1405 0.610345 
1406 0.606657 
1407 0.602967 
1408 0.599276 
1409 0.595583 
1410 0.591889 
1411 0.588194 
1412 0.5845 
1413 0.580805 
1414 0.577111 
1415 0.573418 
1416 0.569726 
1417 0.566036 
1418 0.562348 
1419 0.558662 
1420 0.55498 
1421 0.5513 
1422 0.547624 
1423 0.543951 
1424 0.540284 
1425 0.536621 
1426 0.532963 
1427 0.52931 
1428 0.525664 
1429 0.522023 
1430 0.51839 
1431 0.514764 
1432 0.511145 
1433 0.507534 
1434 0.503931 
1435 0.500338 
1436 0.496753 
1437 0.493178 
1438 0.489613 
1439 0.486059 
1440 0.482515 
1441 0.478983 
1442 0.475462 
1443 0.471954 
1444 0.468458 
1445 0.464975 
1446 0.461506 
1447 0.45805 
1448 0.454609 
1449 0.451182 
1450 0.447771 
1451 0.444375 
1452 0.440995 
1453 0.437631 
1454 0.434283 
1455 0.430952 
1456 0.427636 
1457 0.424337 
1458 0.421055 
1459 0.417789 
1460 0.41454 
1461 0.411309 
1462 0.408094 
1463 0.404897 
1464 0.401717 
1465 0.398555 
1466 0.39541 
1467 0.392284 
1468 0.389175 
1469 0.386084 
1470 0.383012 
1471 0.379958 
1472 0.376923 
1473 0.373907 
1474 0.370909 
1475 0.367931 
1476 0.364971 
1477 0.362031 
1478 0.35911 
1479 0.356209 
1480 0.353328 
1481 0.350466 
1482 0.347625 
1483 0.344804 
1484 0.342003 
1485 0.339222 
1486 0.336462 
1487 0.333723 
1488 0.331005 
1489 0.328308 
1490 0.325632 
1491 0.322978 
1492 0.320345 
1493 0.317734 
1494 0.315144 
1495 0.312577 
1496 0.310032 
1497 0.307509 
1498 0.305008 
1499 0.30253 
1500 0.300075 
1501 0.297642 
1502 0.295233 
1503 0.292846 
1504 0.290483 
1505 0.288142 
1506 0.285824 
1507 0.283528 
1508 0.281256 
1509 0.279006 
1510 0.276779 
1511 0.274575 
1512 0.272394 
1513 0.270235 
1514 0.268099 
1515 0.265986 
1516 0.263896 
1517 0.261828 
1518 0.259782 
1519 0.25776 
1520 0.25576 
1521 0.253782 
1522 0.251827 
1523 0.249895 
1524 0.247985 
1525 0.246097 
1526 0.244232 
1527 0.24239 
1528 0.240569 
1529 0.238772 
1530 0.236996 
1531 0.235243 
1532 0.233512 
1533 0.231803 
1534 0.230117 
1535 0.228453 
1536 0.226811 
1537 0.225191 
1538 0.223593 
1539 0.222018 
1540 0.220464 
1541 0.218932 
1542 0.217423 
1543 0.215935 
1544 0.214469 
1545 0.213026 
1546 0.211604 
1547 0.210203 
1548 0.208825 
1549 0.207468 
1550 0.206133 
1551 0.20482 
1552 0.203528 
1553 0.202258 
1554 0.201009 
1555 0.199781 
1556 0.198574 
1557 0.197388 
1558 0.196222 
1559 0.195078 
1560 0.193953 
1561 0.192849 
1562 0.191766 
1563 0.190702 
1564 0.189658 
1565 0.188634 
1566 0.187629 
1567 0.186644 
1568 0.185678 
1569 0.184731 
1570 0.183804 
1571 0.182895 
1572 0.182005 
1573 0.181133 
1574 0.18028 
1575 0.179445 
1576 0.178628 
1577 0.177829 
1578 0.177048 
1579 0.176284 
1580 0.175538 
1581 0.174809 
1582 0.174098 
1583 0.173403 
1584 0.172725 
1585 0.172064 
1586 0.171419 
1587 0.17079 
1588 0.170178 
1589 0.169581 
1590 0.169 
1591 0.168435 
1592 0.167886 
1593 0.167351 
1594 0.166832 
1595 0.166328 
1596 0.165838 
1597 0.165363 
1598 0.164902 
1599 0.164456 
1600 0.164023 
1601 0.163604 
1602 0.163199 
1603 0.162808 
1604 0.16243 
1605 0.162065 
1606 0.161714 
1607 0.161375 
1608 0.16105 
1609 0.160737 
1610 0.160437 
1611 0.16015 
1612 0.159875 
1613 0.159612 
1614 0.159361 
1615 0.159122 
1616 0.158896 
1617 0.158681 
1618 0.158477 
1619 0.158285 
1620 0.158104 
1621 0.157935 
1622 0.157776 
1623 0.157629 
1624 0.157492 
1625 0.157365 
1626 0.157249 
1627 0.157144 
1628 0.157048 
1629 0.156963 
1630 0.156888 
1631 0.156822 
1632 0.156765 
1633 0.156719 
1634 0.156681 
1635 0.156652 
1636 0.156633 
1637 0.156622 
1638 0.15662 
1639 0.156626 
1640 0.156641 
1641 0.156664 
1642 0.156695 
1643 0.156733 
1644 0.15678 
1645 0.156834 
1646 0.156895 
1647 0.156963 
1648 0.157039 
1649 0.157121 
1650 0.15721 
1651 0.157306 
1652 0.157408 
1653 0.157517 
1654 0.157631 
1655 0.157753 
1656 0.15788 
1657 0.158013 
1658 0.158153 
1659 0.158298 
1660 0.15845 
1661 0.158607 
1662 0.158771 
1663 0.158939 
1664 0.159114 
1665 0.159294 
1666 0.15948 
1667 0.159671 
1668 0.159868 
1669 0.16007 
1670 0.160277 
1671 0.160489 
1672 0.160707 
1673 0.160929 
1674 0.161157 
1675 0.161389 
1676 0.161626 
1677 0.161868 
1678 0.162115 
1679 0.162366 
1680 0.162622 
1681 0.162882 
1682 0.163147 
1683 0.163415 
1684 0.163688 
1685 0.163966 
1686 0.164247 
1687 0.164532 
1688 0.164821 
1689 0.165114 
1690 0.165411 
1691 0.165711 
1692 0.166015 
1693 0.166323 
1694 0.166634 
1695 0.166948 
1696 0.167266 
1697 0.167586 
1698 0.16791 
1699 0.168237 
1700 0.168567 
1701 0.168899 
1702 0.169235 
1703 0.169573 
1704 0.169914 
1705 0.170257 
1706 0.170603 
1707 0.170952 
1708 0.171303 
1709 0.171656 
1710 0.172012 
1711 0.17237 
1712 0.17273 
1713 0.173092 
1714 0.173457 
1715 0.173823 
1716 0.174191 
1717 0.174562 
1718 0.174934 
1719 0.175308 
1720 0.175684 
1721 0.176061 
1722 0.176441 
1723 0.176821 
1724 0.177203 
1725 0.177587 
1726 0.177972 
1727 0.178358 
1728 0.178746 
1729 0.179134 
1730 0.179524 
1731 0.179915 
1732 0.180307 
1733 0.180699 
1734 0.181093 
1735 0.181487 
1736 0.181882 
1737 0.182278 
1738 0.182674 
1739 0.183071 
1740 0.183468 
1741 0.183866 
1742 0.184264 
1743 0.184662 
1744 0.185061 
1745 0.185459 
1746 0.185858 
1747 0.186256 
1748 0.186655 
1749 0.187053 
1750 0.187451 
1751 0.187849 
1752 0.188246 
1753 0.188643 
1754 0.189039 
1755 0.189435 
1756 0.18983 
1757 0.190225 
1758 0.190618 
1759 0.191011 
1760 0.191402 
1761 0.191793 
1762 0.192182 
1763 0.192571 
1764 0.192958 
1765 0.193343 
1766 0.193727 
1767 0.19411 
1768 0.194491 
1769 0.19487 
1770 0.195248 
1771 0.195624 
1772 0.195998 
1773 0.19637 
1774 0.196739 
1775 0.197107 
1776 0.197472 
1777 0.197836 
1778 0.198196 
1779 0.198554 
1780 0.19891 
1781 0.199263 
1782 0.199613 
1783 0.199961 
1784 0.200305 
1785 0.200647 
1786 0.200985 
1787 0.20132 
1788 0.201653 
1789 0.201981 
1790 0.202307 
1791 0.202628 
1792 0.202947 
1793 0.203261 
1794 0.203572 
1795 0.203879 
1796 0.204182 
1797 0.204481 
1798 0.204776 
1799 0.205067 
1800 0.205353 
1801 0.205635 
1802 0.205913 
1803 0.206186 
1804 0.206454 
1805 0.206718 
1806 0.206976 
1807 0.20723 
1808 0.207479 
1809 0.207723 
1810 0.207961 
1811 0.208195 
1812 0.208422 
1813 0.208645 
1814 0.208862 
1815 0.209073 
1816 0.209278 
1817 0.209478 
1818 0.209671 
1819 0.209859 
1820 0.21004 
1821 0.210216 
1822 0.210385 
1823 0.210547 
1824 0.210703 
1825 0.210852 
1826 0.210995 
1827 0.211131 
1828 0.21126 
1829 0.211381 
1830 0.211496 
1831 0.211604 
1832 0.211704 
1833 0.211797 
1834 0.211882 
1835 0.21196 
1836 0.21203 
1837 0.212092 
1838 0.212147 
1839 0.212193 
1840 0.212231 
1841 0.212261 
1842 0.212283 
1843 0.212296 
1844 0.212301 
1845 0.212297 
1846 0.212284 
1847 0.212262 
1848 0.212232 
1849 0.212192 
1850 0.212144 
1851 0.212086 
1852 0.212019 
1853 0.211942 
1854 0.211856 
1855 0.211761 
1856 0.211657 
1857 0.211544 
1858 0.211421 
1859 0.211289 
1860 0.211148 
1861 0.210998 
1862 0.210838 
1863 0.210669 
1864 0.210491 
1865 0.210304 
1866 0.210108 
1867 0.209902 
1868 0.209688 
1869 0.209464 
1870 0.209231 
1871 0.208989 
1872 0.208738 
1873 0.208477 
1874 0.208208 
1875 0.207929 
1876 0.207642 
1877 0.207345 
1878 0.207039 
1879 0.206724 
1880 0.2064 
1881 0.206067 
1882 0.205725 
1883 0.205374 
1884 0.205013 
1885 0.204644 
1886 0.204266 
1887 0.203879 
1888 0.203482 
1889 0.203077 
1890 0.202663 
1891 0.202239 
1892 0.201807 
1893 0.201366 
1894 0.200916 
1895 0.200457 
1896 0.199989 
1897 0.199512 
1898 0.199027 
1899 0.198532 
1900 0.198029 
1901 0.197516 
1902 0.196995 
1903 0.196466 
1904 0.195928 
1905 0.195382 
1906 0.194827 
1907 0.194265 
1908 0.193696 
1909 0.193118 
1910 0.192534 
1911 0.191942 
1912 0.191343 
1913 0.190737 
1914 0.190125 
1915 0.189506 
1916 0.18888 
1917 0.188249 
1918 0.187611 
1919 0.186968 
1920 0.186319 
1921 0.185665 
1922 0.185005 
1923 0.184341 
1924 0.183671 
1925 0.182997 
1926 0.182318 
1927 0.181634 
1928 0.180947 
1929 0.180256 
1930 0.17956 
1931 0.178861 
1932 0.178159 
1933 0.177453 
1934 0.176745 
1935 0.176033 
1936 0.175319 
1937 0.174602 
1938 0.173883 
1939 0.173162 
1940 0.172439 
1941 0.171714 
1942 0.170987 
1943 0.17026 
1944 0.169531 
1945 0.168801 
1946 0.16807 
1947 0.167339 
1948 0.166608 
1949 0.165876 
1950 0.165144 
1951 0.164413 
1952 0.163682 
1953 0.162951 
1954 0.16222 
1955 0.161489 
1956 0.160759 
1957 0.160028 
1958 0.159298 
1959 0.158567 
1960 0.157836 
1961 0.157105 
1962 0.156374 
1963 0.155643 
1964 0.154912 
1965 0.15418 
1966 0.153448 
1967 0.152716 
1968 0.151983 
1969 0.15125 
1970 0.150517 
1971 0.149783 
1972 0.149048 
1973 0.148313 
1974 0.147577 
1975 0.146841 
1976 0.146104 
1977 0.145366 
1978 0.144627 
1979 0.143888 
1980 0.143148 
1981 0.142407 
1982 0.141665 
1983 0.140922 
1984 0.140178 
1985 0.139433 
1986 0.138687 
1987 0.13794 
1988 0.137191 
1989 0.136442 
1990 0.135691 
1991 0.134938 
1992 0.134185 
1993 0.13343 
1994 0.132674 
1995 0.131916 
1996 0.131157 
1997 0.130396 
1998 0.129633 
1999 0.128869 
2000 0.128104 
