2 13.9575 
3 24.9305 
4 37.853 
5 52.3939 
6 68.2884 
7 85.32 
8 103.308 
9 122.097 
10 141.562 
11 161.575 
12 182.037 
13 202.851 
14 223.944 
15 245.238 
16 266.649 
17 288.125 
18 309.629 
19 331.112 
20 352.519 
21 373.787 
22 394.882 
23 415.78 
24 436.454 
25 456.871 
26 476.997 
27 496.809 
28 516.289 
29 535.416 
30 554.161 
31 572.496 
32 590.413 
33 607.91 
34 624.984 
35 641.631 
36 657.845 
37 673.619 
38 688.942 
39 703.799 
40 718.172 
41 732.041 
42 745.406 
43 758.272 
44 770.643 
45 782.523 
46 793.915 
47 804.82 
48 815.238 
49 825.17 
50 834.61 
51 843.555 
52 852.013 
53 859.991 
54 867.497 
55 874.537 
56 881.119 
57 887.247 
58 892.925 
59 898.156 
60 902.94 
61 907.279 
62 911.182 
63 914.658 
64 917.719 
65 920.374 
66 922.631 
67 924.499 
68 925.984 
69 927.093 
70 927.83 
71 928.201 
72 928.216 
73 927.886 
74 927.222 
75 926.234 
76 924.932 
77 923.324 
78 921.419 
79 919.223 
80 916.743 
81 913.985 
82 910.96 
83 907.679 
84 904.153 
85 900.393 
86 896.407 
87 892.207 
88 887.799 
89 883.192 
90 878.393 
91 873.409 
92 868.249 
93 862.923 
94 857.441 
95 851.812 
96 846.043 
97 840.142 
98 834.116 
99 827.972 
100 821.714 
101 815.349 
102 808.886 
103 802.336 
104 795.71 
105 789.017 
106 782.268 
107 775.472 
108 768.638 
109 761.773 
110 754.887 
111 747.986 
112 741.078 
113 734.169 
114 727.264 
115 720.37 
116 713.489 
117 706.626 
118 699.785 
119 692.968 
120 686.176 
121 679.412 
122 672.682 
123 665.994 
124 659.357 
125 652.775 
126 646.257 
127 639.809 
128 633.437 
129 627.146 
130 620.942 
131 614.829 
132 608.811 
133 602.893 
134 597.078 
135 591.369 
136 585.769 
137 580.278 
138 574.899 
139 569.633 
140 564.479 
141 559.439 
142 554.516 
143 549.715 
144 545.039 
145 540.493 
146 536.079 
147 531.801 
148 527.662 
149 523.663 
150 519.808 
151 516.098 
152 512.533 
153 509.115 
154 505.845 
155 502.722 
156 499.746 
157 496.917 
158 494.233 
159 491.692 
160 489.293 
161 487.033 
162 484.915 
163 482.938 
164 481.105 
165 479.417 
166 477.875 
167 476.478 
168 475.228 
169 474.124 
170 473.166 
171 472.353 
172 471.685 
173 471.16 
174 470.777 
175 470.534 
176 470.428 
177 470.458 
178 470.62 
179 470.911 
180 471.328 
181 471.867 
182 472.528 
183 473.31 
184 474.213 
185 475.234 
186 476.374 
187 477.631 
188 479.003 
189 480.488 
190 482.085 
191 483.791 
192 485.604 
193 487.522 
194 489.54 
195 491.657 
196 493.869 
197 496.171 
198 498.561 
199 501.034 
200 503.585 
201 506.211 
202 508.91 
203 511.681 
204 514.521 
205 517.43 
206 520.406 
207 523.446 
208 526.55 
209 529.714 
210 532.937 
211 536.216 
212 539.549 
213 542.933 
214 546.365 
215 549.843 
216 553.363 
217 556.922 
218 560.517 
219 564.144 
220 567.799 
221 571.48 
222 575.181 
223 578.898 
224 582.628 
225 586.366 
226 590.108 
227 593.851 
228 597.595 
229 601.337 
230 605.075 
231 608.809 
232 612.537 
233 616.255 
234 619.964 
235 623.66 
236 627.342 
237 631.007 
238 634.654 
239 638.28 
240 641.883 
241 645.46 
242 649.011 
243 652.531 
244 656.018 
245 659.471 
246 662.886 
247 666.261 
248 669.592 
249 672.878 
250 676.115 
251 679.301 
252 682.434 
253 685.513 
254 688.538 
255 691.507 
256 694.42 
257 697.274 
258 700.07 
259 702.807 
260 705.482 
261 708.096 
262 710.646 
263 713.133 
264 715.555 
265 717.91 
266 720.199 
267 722.419 
268 724.571 
269 726.652 
270 728.661 
271 730.599 
272 732.463 
273 734.252 
274 735.965 
275 737.602 
276 739.162 
277 740.644 
278 742.048 
279 743.374 
280 744.623 
281 745.794 
282 746.889 
283 747.906 
284 748.847 
285 749.711 
286 750.5 
287 751.212 
288 751.849 
289 752.411 
290 752.898 
291 753.312 
292 753.651 
293 753.918 
294 754.112 
295 754.235 
296 754.286 
297 754.266 
298 754.177 
299 754.018 
300 753.792 
301 753.497 
302 753.136 
303 752.709 
304 752.216 
305 751.659 
306 751.038 
307 750.354 
308 749.607 
309 748.799 
310 747.931 
311 747.003 
312 746.016 
313 744.972 
314 743.872 
315 742.716 
316 741.505 
317 740.242 
318 738.927 
319 737.561 
320 736.146 
321 734.682 
322 733.172 
323 731.616 
324 730.017 
325 728.374 
326 726.691 
327 724.968 
328 723.208 
329 721.411 
330 719.579 
331 717.714 
332 715.818 
333 713.893 
334 711.939 
335 709.96 
336 707.957 
337 705.932 
338 703.887 
339 701.824 
340 699.745 
341 697.652 
342 695.547 
343 693.433 
344 691.311 
345 689.185 
346 687.055 
347 684.925 
348 682.798 
349 680.675 
350 678.559 
351 676.452 
352 674.355 
353 672.27 
354 670.197 
355 668.136 
356 666.09 
357 664.058 
358 662.041 
359 660.041 
360 658.059 
361 656.094 
362 654.149 
363 652.223 
364 650.319 
365 648.436 
366 646.576 
367 644.739 
368 642.927 
369 641.141 
370 639.381 
371 637.648 
372 635.944 
373 634.27 
374 632.625 
375 631.012 
376 629.431 
377 627.883 
378 626.37 
379 624.891 
380 623.449 
381 622.045 
382 620.678 
383 619.351 
384 618.064 
385 616.819 
386 615.616 
387 614.456 
388 613.341 
389 612.271 
390 611.249 
391 610.273 
392 609.347 
393 608.47 
394 607.645 
395 606.871 
396 606.151 
397 605.485 
398 604.874 
399 604.32 
400 603.823 
401 603.385 
402 603.006 
403 602.684 
404 602.422 
405 602.217 
406 602.069 
407 601.98 
408 601.947 
409 601.971 
410 602.052 
411 602.189 
412 602.381 
413 602.629 
414 602.933 
415 603.29 
416 603.702 
417 604.167 
418 604.685 
419 605.256 
420 605.879 
421 606.553 
422 607.279 
423 608.054 
424 608.879 
425 609.753 
426 610.675 
427 611.644 
428 612.661 
429 613.723 
430 614.83 
431 615.982 
432 617.178 
433 618.416 
434 619.696 
435 621.016 
436 622.377 
437 623.777 
438 625.215 
439 626.689 
440 628.2 
441 629.745 
442 631.324 
443 632.936 
444 634.58 
445 636.254 
446 637.956 
447 639.687 
448 641.444 
449 643.227 
450 645.034 
451 646.864 
452 648.715 
453 650.588 
454 652.48 
455 654.392 
456 656.323 
457 658.27 
458 660.235 
459 662.214 
460 664.209 
461 666.217 
462 668.237 
463 670.269 
464 672.312 
465 674.364 
466 676.424 
467 678.491 
468 680.564 
469 682.642 
470 684.724 
471 686.808 
472 688.893 
473 690.979 
474 693.063 
475 695.144 
476 697.222 
477 699.294 
478 701.36 
479 703.418 
480 705.467 
481 707.505 
482 709.53 
483 711.542 
484 713.539 
485 715.52 
486 717.482 
487 719.424 
488 721.345 
489 723.244 
490 725.118 
491 726.965 
492 728.785 
493 730.576 
494 732.335 
495 734.062 
496 735.753 
497 737.409 
498 739.026 
499 740.603 
500 742.138 
501 743.629 
502 745.077 
503 746.479 
504 747.837 
505 749.15 
506 750.417 
507 751.638 
508 752.813 
509 753.941 
510 755.022 
511 756.055 
512 757.041 
513 757.978 
514 758.867 
515 759.707 
516 760.498 
517 761.239 
518 761.93 
519 762.571 
520 763.161 
521 763.699 
522 764.187 
523 764.623 
524 765.006 
525 765.337 
526 765.615 
527 765.84 
528 766.012 
529 766.129 
530 766.192 
531 766.2 
532 766.154 
533 766.052 
534 765.894 
535 765.68 
536 765.41 
537 765.083 
538 764.698 
539 764.257 
540 763.757 
541 763.199 
542 762.583 
543 761.908 
544 761.173 
545 760.379 
546 759.525 
547 758.611 
548 757.635 
549 756.599 
550 755.502 
551 754.343 
552 753.123 
553 751.842 
554 750.502 
555 749.102 
556 747.643 
557 746.125 
558 744.55 
559 742.919 
560 741.23 
561 739.486 
562 737.688 
563 735.834 
564 733.928 
565 731.968 
566 729.956 
567 727.893 
568 725.779 
569 723.615 
570 721.402 
571 719.141 
572 716.833 
573 714.478 
574 712.077 
575 709.631 
576 707.141 
577 704.609 
578 702.034 
579 699.417 
580 696.761 
581 694.065 
582 691.33 
583 688.559 
584 685.751 
585 682.907 
586 680.029 
587 677.118 
588 674.175 
589 671.201 
590 668.196 
591 665.163 
592 662.102 
593 659.014 
594 655.901 
595 652.763 
596 649.602 
597 646.42 
598 643.217 
599 639.994 
600 636.754 
601 633.496 
602 630.222 
603 626.933 
604 623.63 
605 620.313 
606 616.983 
607 613.641 
608 610.288 
609 606.925 
610 603.553 
611 600.171 
612 596.783 
613 593.387 
614 589.986 
615 586.58 
616 583.17 
617 579.756 
618 576.341 
619 572.925 
620 569.508 
621 566.093 
622 562.679 
623 559.268 
624 555.861 
625 552.459 
626 549.063 
627 545.674 
628 542.293 
629 538.921 
630 535.56 
631 532.209 
632 528.872 
633 525.547 
634 522.238 
635 518.944 
636 515.667 
637 512.408 
638 509.169 
639 505.95 
640 502.753 
641 499.579 
642 496.429 
643 493.304 
644 490.206 
645 487.136 
646 484.095 
647 481.085 
648 478.106 
649 475.16 
650 472.249 
651 469.373 
652 466.533 
653 463.729 
654 460.962 
655 458.23 
656 455.536 
657 452.878 
658 450.257 
659 447.674 
660 445.128 
661 442.619 
662 440.148 
663 437.715 
664 435.32 
665 432.964 
666 430.645 
667 428.366 
668 426.125 
669 423.923 
670 421.76 
671 419.636 
672 417.552 
673 415.507 
674 413.502 
675 411.536 
676 409.611 
677 407.725 
678 405.88 
679 404.076 
680 402.311 
681 400.588 
682 398.905 
683 397.263 
684 395.662 
685 394.102 
686 392.584 
687 391.107 
688 389.672 
689 388.278 
690 386.925 
691 385.615 
692 384.347 
693 383.12 
694 381.936 
695 380.794 
696 379.695 
697 378.638 
698 377.623 
699 376.651 
700 375.722 
701 374.836 
702 373.991 
703 373.189 
704 372.428 
705 371.708 
706 371.029 
707 370.389 
708 369.789 
709 369.227 
710 368.704 
711 368.219 
712 367.771 
713 367.36 
714 366.984 
715 366.645 
716 366.34 
717 366.07 
718 365.833 
719 365.63 
720 365.459 
721 365.32 
722 365.213 
723 365.136 
724 365.089 
725 365.071 
726 365.082 
727 365.121 
728 365.187 
729 365.279 
730 365.397 
731 365.541 
732 365.708 
733 365.899 
734 366.113 
735 366.35 
736 366.607 
737 366.885 
738 367.182 
739 367.498 
740 367.833 
741 368.185 
742 368.553 
743 368.936 
744 369.334 
745 369.746 
746 370.171 
747 370.608 
748 371.056 
749 371.515 
750 371.982 
751 372.459 
752 372.943 
753 373.434 
754 373.932 
755 374.437 
756 374.948 
757 375.464 
758 375.986 
759 376.511 
760 377.041 
761 377.574 
762 378.11 
763 378.648 
764 379.188 
765 379.729 
766 380.272 
767 380.814 
768 381.356 
769 381.897 
770 382.436 
771 382.973 
772 383.508 
773 384.039 
774 384.566 
775 385.089 
776 385.607 
777 386.119 
778 386.624 
779 387.123 
780 387.614 
781 388.097 
782 388.571 
783 389.036 
784 389.49 
785 389.933 
786 390.365 
787 390.785 
788 391.191 
789 391.585 
790 391.963 
791 392.327 
792 392.676 
793 393.007 
794 393.322 
795 393.619 
796 393.897 
797 394.156 
798 394.395 
799 394.613 
800 394.809 
801 394.984 
802 395.136 
803 395.265 
804 395.373 
805 395.458 
806 395.521 
807 395.562 
808 395.581 
809 395.578 
810 395.553 
811 395.507 
812 395.438 
813 395.348 
814 395.235 
815 395.102 
816 394.946 
817 394.77 
818 394.571 
819 394.352 
820 394.111 
821 393.848 
822 393.565 
823 393.26 
824 392.935 
825 392.588 
826 392.221 
827 391.833 
828 391.424 
829 390.995 
830 390.545 
831 390.074 
832 389.583 
833 389.072 
834 388.541 
835 387.99 
836 387.419 
837 386.827 
838 386.217 
839 385.586 
840 384.936 
841 384.266 
842 383.577 
843 382.869 
844 382.141 
845 381.395 
846 380.629 
847 379.845 
848 379.043 
849 378.221 
850 377.381 
851 376.523 
852 375.647 
853 374.754 
854 373.843 
855 372.916 
856 371.972 
857 371.012 
858 370.037 
859 369.047 
860 368.043 
861 367.024 
862 365.992 
863 364.946 
864 363.887 
865 362.816 
866 361.734 
867 360.639 
868 359.534 
869 358.418 
870 357.292 
871 356.157 
872 355.013 
873 353.86 
874 352.699 
875 351.53 
876 350.354 
877 349.172 
878 347.983 
879 346.79 
880 345.591 
881 344.387 
882 343.18 
883 341.969 
884 340.756 
885 339.54 
886 338.322 
887 337.103 
888 335.884 
889 334.664 
890 333.445 
891 332.227 
892 331.011 
893 329.796 
894 328.585 
895 327.377 
896 326.174 
897 324.974 
898 323.78 
899 322.592 
900 321.411 
901 320.236 
902 319.069 
903 317.91 
904 316.758 
905 315.614 
906 314.479 
907 313.352 
908 312.234 
909 311.125 
910 310.025 
911 308.935 
912 307.855 
913 306.785 
914 305.725 
915 304.675 
916 303.637 
917 302.609 
918 301.593 
919 300.588 
920 299.596 
921 298.615 
922 297.647 
923 296.691 
924 295.749 
925 294.82 
926 293.904 
927 293.002 
928 292.113 
929 291.24 
930 290.38 
931 289.536 
932 288.707 
933 287.893 
934 287.095 
935 286.313 
936 285.548 
937 284.799 
938 284.067 
939 283.352 
940 282.654 
941 281.975 
942 281.313 
943 280.67 
944 280.046 
945 279.44 
946 278.854 
947 278.288 
948 277.741 
949 277.215 
950 276.709 
951 276.224 
952 275.76 
953 275.316 
954 274.892 
955 274.489 
956 274.106 
957 273.742 
958 273.398 
959 273.073 
960 272.768 
961 272.481 
962 272.213 
963 271.964 
964 271.733 
965 271.52 
966 271.324 
967 271.147 
968 270.987 
969 270.844 
970 270.718 
971 270.609 
972 270.516 
973 270.44 
974 270.38 
975 270.335 
976 270.306 
977 270.292 
978 270.294 
979 270.31 
980 270.34 
981 270.385 
982 270.444 
983 270.517 
984 270.603 
985 270.703 
986 270.815 
987 270.94 
988 271.078 
989 271.228 
990 271.389 
991 271.562 
992 271.746 
993 271.942 
994 272.148 
995 272.364 
996 272.591 
997 272.827 
998 273.073 
999 273.328 
1000 273.592 
1001 273.864 
1002 274.145 
1003 274.433 
1004 274.729 
1005 275.033 
1006 275.343 
1007 275.659 
1008 275.982 
1009 276.311 
1010 276.645 
1011 276.984 
1012 277.327 
1013 277.675 
1014 278.027 
1015 278.382 
1016 278.741 
1017 279.102 
1018 279.466 
1019 279.832 
1020 280.199 
1021 280.568 
1022 280.937 
1023 281.307 
1024 281.677 
1025 282.046 
1026 282.415 
1027 282.782 
1028 283.148 
1029 283.512 
1030 283.873 
1031 284.231 
1032 284.586 
1033 284.937 
1034 285.284 
1035 285.626 
1036 285.963 
1037 286.294 
1038 286.62 
1039 286.939 
1040 287.251 
1041 287.555 
1042 287.852 
1043 288.141 
1044 288.42 
1045 288.69 
1046 288.951 
1047 289.201 
1048 289.441 
1049 289.669 
1050 289.886 
1051 290.09 
1052 290.283 
1053 290.462 
1054 290.63 
1055 290.785 
1056 290.927 
1057 291.056 
1058 291.172 
1059 291.275 
1060 291.366 
1061 291.443 
1062 291.506 
1063 291.557 
1064 291.593 
1065 291.617 
1066 291.626 
1067 291.621 
1068 291.603 
1069 291.571 
1070 291.524 
1071 291.463 
1072 291.388 
1073 291.299 
1074 291.194 
1075 291.075 
1076 290.942 
1077 290.793 
1078 290.63 
1079 290.451 
1080 290.257 
1081 290.048 
1082 289.823 
1083 289.583 
1084 289.327 
1085 289.055 
1086 288.767 
1087 288.464 
1088 288.144 
1089 287.808 
1090 287.456 
1091 287.087 
1092 286.702 
1093 286.3 
1094 285.881 
1095 285.445 
1096 284.992 
1097 284.522 
1098 284.035 
1099 283.53 
1100 283.008 
1101 282.469 
1102 281.912 
1103 281.337 
1104 280.746 
1105 280.138 
1106 279.514 
1107 278.873 
1108 278.217 
1109 277.544 
1110 276.856 
1111 276.153 
1112 275.434 
1113 274.701 
1114 273.953 
1115 273.191 
1116 272.414 
1117 271.624 
1118 270.82 
1119 270.003 
1120 269.173 
1121 268.33 
1122 267.475 
1123 266.607 
1124 265.727 
1125 264.835 
1126 263.932 
1127 263.018 
1128 262.093 
1129 261.157 
1130 260.21 
1131 259.254 
1132 258.288 
1133 257.312 
1134 256.327 
1135 255.333 
1136 254.331 
1137 253.32 
1138 252.301 
1139 251.274 
1140 250.24 
1141 249.199 
1142 248.15 
1143 247.096 
1144 246.035 
1145 244.968 
1146 243.896 
1147 242.818 
1148 241.735 
1149 240.648 
1150 239.556 
1151 238.46 
1152 237.361 
1153 236.258 
1154 235.152 
1155 234.043 
1156 232.931 
1157 231.817 
1158 230.701 
1159 229.583 
1160 228.463 
1161 227.342 
1162 226.219 
1163 225.096 
1164 223.973 
1165 222.849 
1166 221.725 
1167 220.601 
1168 219.478 
1169 218.356 
1170 217.235 
1171 216.116 
1172 214.998 
1173 213.882 
1174 212.769 
1175 211.658 
1176 210.55 
1177 209.445 
1178 208.344 
1179 207.247 
1180 206.153 
1181 205.065 
1182 203.981 
1183 202.902 
1184 201.828 
1185 200.76 
1186 199.698 
1187 198.643 
1188 197.594 
1189 196.552 
1190 195.517 
1191 194.49 
1192 193.471 
1193 192.46 
1194 191.458 
1195 190.465 
1196 189.481 
1197 188.506 
1198 187.542 
1199 186.588 
1200 185.644 
1201 184.712 
1202 183.79 
1203 182.88 
1204 181.981 
1205 181.093 
1206 180.216 
1207 179.35 
1208 178.496 
1209 177.653 
1210 176.822 
1211 176.002 
1212 175.193 
1213 174.396 
1214 173.611 
1215 172.837 
1216 172.075 
1217 171.324 
1218 170.585 
1219 169.858 
1220 169.143 
1221 168.44 
1222 167.749 
1223 167.07 
1224 166.402 
1225 165.747 
1226 165.104 
1227 164.473 
1228 163.854 
1229 163.248 
1230 162.653 
1231 162.071 
1232 161.502 
1233 160.945 
1234 160.4 
1235 159.868 
1236 159.348 
1237 158.841 
1238 158.346 
1239 157.864 
1240 157.395 
1241 156.939 
1242 156.495 
1243 156.065 
1244 155.647 
1245 155.242 
1246 154.85 
1247 154.471 
1248 154.105 
1249 153.752 
1250 153.412 
1251 153.086 
1252 152.772 
1253 152.471 
1254 152.183 
1255 151.908 
1256 151.644 
1257 151.393 
1258 151.153 
1259 150.926 
1260 150.709 
1261 150.504 
1262 150.31 
1263 150.127 
1264 149.955 
1265 149.793 
1266 149.642 
1267 149.5 
1268 149.369 
1269 149.247 
1270 149.134 
1271 149.031 
1272 148.937 
1273 148.852 
1274 148.775 
1275 148.707 
1276 148.647 
1277 148.594 
1278 148.55 
1279 148.513 
1280 148.484 
1281 148.461 
1282 148.445 
1283 148.436 
1284 148.433 
1285 148.437 
1286 148.446 
1287 148.461 
1288 148.482 
1289 148.507 
1290 148.538 
1291 148.573 
1292 148.613 
1293 148.657 
1294 148.705 
1295 148.757 
1296 148.812 
1297 148.871 
1298 148.932 
1299 148.996 
1300 149.063 
1301 149.132 
1302 149.202 
1303 149.275 
1304 149.35 
1305 149.426 
1306 149.503 
1307 149.582 
1308 149.662 
1309 149.743 
1310 149.825 
1311 149.907 
1312 149.99 
1313 150.073 
1314 150.156 
1315 150.24 
1316 150.323 
1317 150.405 
1318 150.488 
1319 150.569 
1320 150.65 
1321 150.73 
1322 150.808 
1323 150.885 
1324 150.961 
1325 151.035 
1326 151.107 
1327 151.176 
1328 151.244 
1329 151.309 
1330 151.372 
1331 151.432 
1332 151.489 
1333 151.542 
1334 151.593 
1335 151.639 
1336 151.682 
1337 151.722 
1338 151.757 
1339 151.788 
1340 151.814 
1341 151.836 
1342 151.852 
1343 151.864 
1344 151.871 
1345 151.872 
1346 151.867 
1347 151.857 
1348 151.841 
1349 151.818 
1350 151.789 
1351 151.753 
1352 151.711 
1353 151.662 
1354 151.607 
1355 151.545 
1356 151.476 
1357 151.401 
1358 151.319 
1359 151.231 
1360 151.136 
1361 151.035 
1362 150.927 
1363 150.813 
1364 150.692 
1365 150.565 
1366 150.431 
1367 150.291 
1368 150.145 
1369 149.993 
1370 149.834 
1371 149.668 
1372 149.497 
1373 149.319 
1374 149.134 
1375 148.944 
1376 148.747 
1377 148.544 
1378 148.335 
1379 148.12 
1380 147.898 
1381 147.671 
1382 147.437 
1383 147.197 
1384 146.951 
1385 146.699 
1386 146.441 
1387 146.177 
1388 145.907 
1389 145.631 
1390 145.349 
1391 145.061 
1392 144.767 
1393 144.467 
1394 144.162 
1395 143.85 
1396 143.533 
1397 143.21 
1398 142.881 
1399 142.547 
1400 142.206 
1401 141.86 
1402 141.508 
1403 141.151 
1404 140.789 
1405 140.422 
1406 140.049 
1407 139.672 
1408 139.29 
1409 138.903 
1410 138.512 
1411 138.117 
1412 137.717 
1413 137.314 
1414 136.907 
1415 136.496 
1416 136.081 
1417 135.664 
1418 135.243 
1419 134.819 
1420 134.392 
1421 133.962 
1422 133.53 
1423 133.095 
1424 132.658 
1425 132.219 
1426 131.778 
1427 131.335 
1428 130.89 
1429 130.444 
1430 129.997 
1431 129.549 
1432 129.099 
1433 128.649 
1434 128.198 
1435 127.747 
1436 127.296 
1437 126.844 
1438 126.392 
1439 125.941 
1440 125.49 
1441 125.04 
1442 124.59 
1443 124.141 
1444 123.694 
1445 123.247 
1446 122.802 
1447 122.359 
1448 121.918 
1449 121.478 
1450 121.041 
1451 120.607 
1452 120.174 
1453 119.744 
1454 119.317 
1455 118.893 
1456 118.471 
1457 118.052 
1458 117.636 
1459 117.223 
1460 116.813 
1461 116.406 
1462 116.002 
1463 115.602 
1464 115.205 
1465 114.812 
1466 114.422 
1467 114.035 
1468 113.652 
1469 113.274 
1470 112.899 
1471 112.527 
1472 112.16 
1473 111.797 
1474 111.438 
1475 111.084 
1476 110.734 
1477 110.388 
1478 110.047 
1479 109.71 
1480 109.378 
1481 109.051 
1482 108.728 
1483 108.411 
1484 108.098 
1485 107.791 
1486 107.489 
1487 107.192 
1488 106.901 
1489 106.615 
1490 106.334 
1491 106.059 
1492 105.79 
1493 105.527 
1494 105.269 
1495 105.018 
1496 104.772 
1497 104.533 
1498 104.3 
1499 104.074 
1500 103.854 
1501 103.64 
1502 103.433 
1503 103.232 
1504 103.038 
1505 102.85 
1506 102.668 
1507 102.492 
1508 102.322 
1509 102.158 
1510 102 
1511 101.848 
1512 101.702 
1513 101.562 
1514 101.427 
1515 101.297 
1516 101.173 
1517 101.055 
1518 100.942 
1519 100.834 
1520 100.731 
1521 100.633 
1522 100.541 
1523 100.453 
1524 100.37 
1525 100.292 
1526 100.219 
1527 100.15 
1528 100.086 
1529 100.027 
1530 99.9714 
1531 99.9205 
1532 99.8738 
1533 99.8313 
1534 99.7928 
1535 99.7583 
1536 99.7277 
1537 99.7009 
1538 99.6779 
1539 99.6585 
1540 99.6426 
1541 99.6302 
1542 99.6213 
1543 99.6156 
1544 99.6131 
1545 99.6137 
1546 99.6174 
1547 99.624 
1548 99.6335 
1549 99.6457 
1550 99.6606 
1551 99.6781 
1552 99.6981 
1553 99.7205 
1554 99.7451 
1555 99.7719 
1556 99.8008 
1557 99.8317 
1558 99.8644 
1559 99.8989 
1560 99.9351 
1561 99.9729 
1562 100.012 
1563 100.053 
1564 100.094 
1565 100.137 
1566 100.181 
1567 100.226 
1568 100.272 
1569 100.318 
1570 100.365 
1571 100.413 
1572 100.461 
1573 100.509 
1574 100.557 
1575 100.605 
1576 100.654 
1577 100.702 
1578 100.749 
1579 100.797 
1580 100.843 
1581 100.89 
1582 100.935 
1583 100.979 
1584 101.023 
1585 101.065 
1586 101.106 
1587 101.146 
1588 101.184 
1589 101.221 
1590 101.256 
1591 101.289 
1592 101.32 
1593 101.349 
1594 101.376 
1595 101.401 
1596 101.423 
1597 101.442 
1598 101.459 
1599 101.473 
1600 101.484 
1601 101.492 
1602 101.497 
1603 101.498 
1604 101.497 
1605 101.492 
1606 101.484 
1607 101.472 
1608 101.457 
1609 101.439 
1610 101.418 
1611 101.393 
1612 101.364 
1613 101.332 
1614 101.296 
1615 101.257 
1616 101.214 
1617 101.167 
1618 101.117 
1619 101.063 
1620 101.005 
1621 100.943 
1622 100.877 
1623 100.808 
1624 100.734 
1625 100.657 
1626 100.575 
1627 100.489 
1628 100.4 
1629 100.306 
1630 100.207 
1631 100.105 
1632 99.9983 
1633 99.8872 
1634 99.7718 
1635 99.652 
1636 99.5278 
1637 99.399 
1638 99.2658 
1639 99.1279 
1640 98.9855 
1641 98.8383 
1642 98.6865 
1643 98.53 
1644 98.3686 
1645 98.2025 
1646 98.0314 
1647 97.8555 
1648 97.6746 
1649 97.4887 
1650 97.2978 
1651 97.1018 
1652 96.9008 
1653 96.6948 
1654 96.4839 
1655 96.2682 
1656 96.0477 
1657 95.8224 
1658 95.5925 
1659 95.358 
1660 95.119 
1661 94.8754 
1662 94.6275 
1663 94.3752 
1664 94.1186 
1665 93.8577 
1666 93.5927 
1667 93.3236 
1668 93.0505 
1669 92.7734 
1670 92.4923 
1671 92.2075 
1672 91.9188 
1673 91.6265 
1674 91.3305 
1675 91.0309 
1676 90.7278 
1677 90.4213 
1678 90.1114 
1679 89.7982 
1680 89.4817 
1681 89.1621 
1682 88.8394 
1683 88.5136 
1684 88.1849 
1685 87.8533 
1686 87.5188 
1687 87.1817 
1688 86.8418 
1689 86.4993 
1690 86.1543 
1691 85.8069 
1692 85.457 
1693 85.1049 
1694 84.7505 
1695 84.3939 
1696 84.0352 
1697 83.6745 
1698 83.3119 
1699 82.9474 
1700 82.5811 
1701 82.2131 
1702 81.8435 
1703 81.4724 
1704 81.0998 
1705 80.7259 
1706 80.3507 
1707 79.9744 
1708 79.5971 
1709 79.2188 
1710 78.8397 
1711 78.4598 
1712 78.0793 
1713 77.6982 
1714 77.3167 
1715 76.9348 
1716 76.5526 
1717 76.1703 
1718 75.788 
1719 75.4057 
1720 75.0236 
1721 74.6418 
1722 74.2603 
1723 73.8793 
1724 73.4988 
1725 73.119 
1726 72.7401 
1727 72.362 
1728 71.9849 
1729 71.6089 
1730 71.2341 
1731 70.8607 
1732 70.4886 
1733 70.1181 
1734 69.7493 
1735 69.3822 
1736 69.017 
1737 68.6538 
1738 68.2926 
1739 67.9337 
1740 67.5771 
1741 67.2228 
1742 66.8712 
1743 66.5222 
1744 66.1759 
1745 65.8326 
1746 65.4922 
1747 65.155 
1748 64.821 
1749 64.4903 
1750 64.1631 
1751 63.8394 
1752 63.5194 
1753 63.2029 
1754 62.8901 
1755 62.5809 
1756 62.2753 
1757 61.9733 
1758 61.675 
1759 61.3803 
1760 61.0892 
1761 60.8019 
1762 60.5182 
1763 60.2382 
1764 59.9619 
1765 59.6892 
1766 59.4203 
1767 59.1551 
1768 58.8936 
1769 58.6359 
1770 58.3819 
1771 58.1316 
1772 57.8851 
1773 57.6424 
1774 57.4034 
1775 57.1682 
1776 56.9368 
1777 56.7092 
1778 56.4854 
1779 56.2654 
1780 56.0493 
1781 55.8369 
1782 55.6284 
1783 55.4238 
1784 55.223 
1785 55.026 
1786 54.8329 
1787 54.6437 
1788 54.4584 
1789 54.277 
1790 54.0995 
1791 53.9259 
1792 53.7562 
1793 53.5904 
1794 53.4285 
1795 53.2706 
1796 53.1167 
1797 52.9667 
1798 52.8207 
1799 52.6786 
1800 52.5405 
1801 52.4064 
1802 52.2762 
1803 52.1499 
1804 52.0274 
1805 51.9087 
1806 51.7937 
1807 51.6823 
1808 51.5745 
1809 51.4703 
1810 51.3695 
1811 51.2722 
1812 51.1781 
1813 51.0874 
1814 51 
1815 50.9156 
1816 50.8345 
1817 50.7563 
1818 50.6812 
1819 50.609 
1820 50.5397 
1821 50.4731 
1822 50.4094 
1823 50.3483 
1824 50.2898 
1825 50.2339 
1826 50.1805 
1827 50.1296 
1828 50.081 
1829 50.0347 
1830 49.9906 
1831 49.9488 
1832 49.909 
1833 49.8713 
1834 49.8355 
1835 49.8017 
1836 49.7698 
1837 49.7396 
1838 49.7111 
1839 49.6843 
1840 49.659 
1841 49.6353 
1842 49.613 
1843 49.5921 
1844 49.5725 
1845 49.5541 
1846 49.5369 
1847 49.5208 
1848 49.5058 
1849 49.4917 
1850 49.4784 
1851 49.466 
1852 49.4544 
1853 49.4435 
1854 49.4333 
1855 49.4237 
1856 49.4148 
1857 49.4064 
1858 49.3985 
1859 49.3911 
1860 49.3842 
1861 49.3776 
1862 49.3714 
1863 49.3655 
1864 49.3598 
1865 49.3543 
1866 49.349 
1867 49.3439 
1868 49.3388 
1869 49.3337 
1870 49.3287 
1871 49.3235 
1872 49.3183 
1873 49.3129 
1874 49.3073 
1875 49.3015 
1876 49.2954 
1877 49.2889 
1878 49.2821 
1879 49.2748 
1880 49.2671 
1881 49.2588 
1882 49.25 
1883 49.2405 
1884 49.2304 
1885 49.2195 
1886 49.2079 
1887 49.1955 
1888 49.1822 
1889 49.168 
1890 49.1528 
1891 49.1366 
1892 49.1194 
1893 49.101 
1894 49.0815 
1895 49.0608 
1896 49.0388 
1897 49.0155 
1898 48.9908 
1899 48.9647 
1900 48.9371 
1901 48.9081 
1902 48.8775 
1903 48.8454 
1904 48.8118 
1905 48.7767 
1906 48.7401 
1907 48.702 
1908 48.6624 
1909 48.6214 
1910 48.5789 
1911 48.5349 
1912 48.4894 
1913 48.4425 
1914 48.3941 
1915 48.3443 
1916 48.2931 
1917 48.2404 
1918 48.1862 
1919 48.1307 
1920 48.0737 
1921 48.0153 
1922 47.9555 
1923 47.8943 
1924 47.8317 
1925 47.7677 
1926 47.7023 
1927 47.6356 
1928 47.5674 
1929 47.4979 
1930 47.427 
1931 47.3548 
1932 47.2812 
1933 47.2063 
1934 47.13 
1935 47.0524 
1936 46.9734 
1937 46.8932 
1938 46.8116 
1939 46.7287 
1940 46.6445 
1941 46.559 
1942 46.4722 
1943 46.3842 
1944 46.2948 
1945 46.2042 
1946 46.1123 
1947 46.0192 
1948 45.9248 
1949 45.8291 
1950 45.7322 
1951 45.6341 
1952 45.5348 
1953 45.4342 
1954 45.3325 
1955 45.2296 
1956 45.1256 
1957 45.0204 
1958 44.9141 
1959 44.8067 
1960 44.6982 
1961 44.5887 
1962 44.4781 
1963 44.3664 
1964 44.2538 
1965 44.1401 
1966 44.0254 
1967 43.9098 
1968 43.7933 
1969 43.6758 
1970 43.5574 
1971 43.438 
1972 43.3179 
1973 43.1968 
1974 43.0749 
1975 42.9522 
1976 42.8287 
1977 42.7043 
1978 42.5792 
1979 42.4534 
1980 42.3268 
1981 42.1995 
1982 42.0715 
1983 41.9428 
1984 41.8135 
1985 41.6835 
1986 41.5529 
1987 41.4217 
1988 41.2899 
1989 41.1575 
1990 41.0246 
1991 40.8911 
1992 40.7572 
1993 40.6227 
1994 40.4878 
1995 40.3524 
1996 40.2166 
1997 40.0804 
1998 39.9438 
1999 39.8068 
2000 39.6694 
