2 967.073 
3 951.093 
4 935.366 
5 920.728 
6 906.524 
7 892.462 
8 878.394 
9 863.759 
10 849.987 
11 835.514 
12 821.088 
13 805.85 
14 791.101 
15 776.939 
16 761.359 
17 745.255 
18 729.979 
19 715.977 
20 702.543 
21 688.272 
22 673.408 
23 658.538 
24 643.971 
25 629.679 
26 615.421 
27 601.368 
28 587.692 
29 574.382 
30 561.215 
31 547.892 
32 534.567 
33 521.499 
34 508.901 
35 496.934 
36 485.698 
37 475.225 
38 465.47 
39 456.306 
40 447.512 
41 438.855 
42 430.375 
43 422.177 
44 414.351 
45 406.975 
46 400.108 
47 393.791 
48 388.045 
49 382.869 
50 378.237 
51 374.12 
52 370.553 
53 367.581 
54 365.241 
55 363.56 
56 362.551 
57 362.219 
58 362.553 
59 363.53 
60 365.114 
61 367.266 
62 370.003 
63 373.349 
64 377.325 
65 381.947 
66 387.228 
67 393.172 
68 399.781 
69 407.049 
70 414.965 
71 423.517 
72 432.711 
73 442.559 
74 453.066 
75 464.237 
76 476.071 
77 488.565 
78 501.712 
79 515.503 
80 529.921 
81 544.953 
82 560.598 
83 576.859 
84 593.736 
85 611.228 
86 629.33 
87 648.037 
88 667.341 
89 687.232 
90 707.698 
91 728.726 
92 750.309 
93 772.443 
94 795.12 
95 818.331 
96 842.068 
97 866.317 
98 891.067 
99 916.302 
100 942.006 
101 968.163 
102 994.765 
103 1021.81 
104 1049.28 
105 1077.17 
106 1105.48 
107 1134.19 
108 1163.3 
109 1192.79 
110 1222.66 
111 1252.88 
112 1283.45 
113 1314.34 
114 1345.56 
115 1377.07 
116 1408.86 
117 1440.92 
118 1473.22 
119 1505.74 
120 1538.47 
121 1571.37 
122 1604.45 
123 1637.69 
124 1671.06 
125 1704.57 
126 1738.19 
127 1771.92 
128 1805.73 
129 1839.62 
130 1873.57 
131 1907.56 
132 1941.59 
133 1975.62 
134 2009.66 
135 2043.67 
136 2077.65 
137 2111.58 
138 2145.43 
139 2179.2 
140 2212.86 
141 2246.4 
142 2279.8 
143 2313.04 
144 2346.12 
145 2379.01 
146 2411.72 
147 2444.21 
148 2476.48 
149 2508.5 
150 2540.28 
151 2571.79 
152 2603.02 
153 2633.95 
154 2664.57 
155 2694.86 
156 2724.81 
157 2754.41 
158 2783.64 
159 2812.48 
160 2840.92 
161 2868.95 
162 2896.55 
163 2923.72 
164 2950.43 
165 2976.68 
166 3002.46 
167 3027.76 
168 3052.56 
169 3076.86 
170 3100.64 
171 3123.89 
172 3146.61 
173 3168.78 
174 3190.4 
175 3211.45 
176 3231.93 
177 3251.82 
178 3271.12 
179 3289.82 
180 3307.91 
181 3325.37 
182 3342.22 
183 3358.43 
184 3374 
185 3388.93 
186 3403.2 
187 3416.82 
188 3429.78 
189 3442.07 
190 3453.69 
191 3464.63 
192 3474.9 
193 3484.48 
194 3493.38 
195 3501.59 
196 3509.1 
197 3515.93 
198 3522.05 
199 3527.48 
200 3532.22 
201 3536.25 
202 3539.59 
203 3542.22 
204 3544.16 
205 3545.39 
206 3545.92 
207 3545.76 
208 3544.89 
209 3543.33 
210 3541.06 
211 3538.11 
212 3534.46 
213 3530.13 
214 3525.11 
215 3519.41 
216 3513.03 
217 3505.98 
218 3498.26 
219 3489.89 
220 3480.85 
221 3471.17 
222 3460.85 
223 3449.89 
224 3438.31 
225 3426.1 
226 3413.29 
227 3399.87 
228 3385.86 
229 3371.26 
230 3356.07 
231 3340.3 
232 3323.97 
233 3307.07 
234 3289.61 
235 3271.62 
236 3253.08 
237 3234.02 
238 3214.44 
239 3194.36 
240 3173.78 
241 3152.71 
242 3131.17 
243 3109.17 
244 3086.72 
245 3063.84 
246 3040.52 
247 3016.8 
248 2992.69 
249 2968.19 
250 2943.33 
251 2918.11 
252 2892.55 
253 2866.66 
254 2840.46 
255 2813.94 
256 2787.12 
257 2760.01 
258 2732.62 
259 2704.97 
260 2677.07 
261 2648.92 
262 2620.54 
263 2591.95 
264 2563.16 
265 2534.17 
266 2505.01 
267 2475.68 
268 2446.21 
269 2416.6 
270 2386.88 
271 2357.05 
272 2327.13 
273 2297.14 
274 2267.09 
275 2237.01 
276 2206.89 
277 2176.77 
278 2146.64 
279 2116.53 
280 2086.43 
281 2056.37 
282 2026.36 
283 1996.4 
284 1966.52 
285 1936.71 
286 1907 
287 1877.4 
288 1847.92 
289 1818.57 
290 1789.37 
291 1760.33 
292 1731.46 
293 1702.78 
294 1674.3 
295 1646.04 
296 1618 
297 1590.21 
298 1562.67 
299 1535.41 
300 1508.44 
301 1481.76 
302 1455.39 
303 1429.34 
304 1403.61 
305 1378.2 
306 1353.12 
307 1328.38 
308 1303.99 
309 1279.94 
310 1256.24 
311 1232.91 
312 1209.93 
313 1187.33 
314 1165.1 
315 1143.25 
316 1121.78 
317 1100.71 
318 1080.02 
319 1059.74 
320 1039.85 
321 1020.38 
322 1001.31 
323 982.661 
324 964.429 
325 946.62 
326 929.238 
327 912.287 
328 895.77 
329 879.69 
330 864.051 
331 848.856 
332 834.109 
333 819.812 
334 805.968 
335 792.58 
336 779.65 
337 767.181 
338 755.176 
339 743.636 
340 732.564 
341 721.961 
342 711.83 
343 702.172 
344 692.989 
345 684.283 
346 676.053 
347 668.302 
348 661.031 
349 654.241 
350 647.931 
351 642.103 
352 636.755 
353 631.883 
354 627.487 
355 623.562 
356 620.107 
357 617.117 
358 614.589 
359 612.52 
360 610.906 
361 609.743 
362 609.026 
363 608.751 
364 608.913 
365 609.507 
366 610.528 
367 611.971 
368 613.829 
369 616.097 
370 618.769 
371 621.837 
372 625.297 
373 629.14 
374 633.359 
375 637.947 
376 642.897 
377 648.201 
378 653.849 
379 659.835 
380 666.148 
381 672.781 
382 679.724 
383 686.967 
384 694.502 
385 702.317 
386 710.402 
387 718.748 
388 727.342 
389 736.175 
390 745.235 
391 754.509 
392 763.987 
393 773.655 
394 783.502 
395 793.514 
396 803.679 
397 813.983 
398 824.412 
399 834.952 
400 845.59 
401 856.313 
402 867.113 
403 877.986 
404 888.929 
405 899.934 
406 910.998 
407 922.116 
408 933.282 
409 944.49 
410 955.736 
411 967.014 
412 978.319 
413 989.643 
414 1000.98 
415 1012.33 
416 1023.68 
417 1035.03 
418 1046.37 
419 1057.69 
420 1068.99 
421 1080.26 
422 1091.49 
423 1102.68 
424 1113.82 
425 1124.9 
426 1135.92 
427 1146.87 
428 1157.74 
429 1168.53 
430 1179.22 
431 1189.81 
432 1200.29 
433 1210.65 
434 1220.89 
435 1230.99 
436 1240.95 
437 1250.76 
438 1260.42 
439 1269.9 
440 1279.21 
441 1288.33 
442 1297.26 
443 1305.99 
444 1314.5 
445 1322.79 
446 1330.85 
447 1338.67 
448 1346.23 
449 1353.54 
450 1360.57 
451 1367.33 
452 1373.8 
453 1379.99 
454 1385.91 
455 1391.54 
456 1396.89 
457 1401.97 
458 1406.77 
459 1411.29 
460 1415.54 
461 1419.51 
462 1423.21 
463 1426.64 
464 1429.79 
465 1432.68 
466 1435.3 
467 1437.64 
468 1439.73 
469 1441.54 
470 1443.1 
471 1444.39 
472 1445.42 
473 1446.2 
474 1446.72 
475 1446.98 
476 1447 
477 1446.76 
478 1446.27 
479 1445.54 
480 1444.56 
481 1443.34 
482 1441.89 
483 1440.19 
484 1438.26 
485 1436.1 
486 1433.72 
487 1431.1 
488 1428.26 
489 1425.2 
490 1421.93 
491 1418.44 
492 1414.74 
493 1410.83 
494 1406.71 
495 1402.4 
496 1397.88 
497 1393.18 
498 1388.28 
499 1383.19 
500 1377.92 
501 1372.47 
502 1366.85 
503 1361.06 
504 1355.1 
505 1348.98 
506 1342.71 
507 1336.29 
508 1329.73 
509 1323.03 
510 1316.2 
511 1309.25 
512 1302.17 
513 1294.98 
514 1287.68 
515 1280.28 
516 1272.78 
517 1265.2 
518 1257.53 
519 1249.78 
520 1241.97 
521 1234.1 
522 1226.17 
523 1218.19 
524 1210.17 
525 1202.12 
526 1194.04 
527 1185.94 
528 1177.83 
529 1169.71 
530 1161.6 
531 1153.51 
532 1145.43 
533 1137.38 
534 1129.37 
535 1121.4 
536 1113.48 
537 1105.63 
538 1097.85 
539 1090.15 
540 1082.54 
541 1075.02 
542 1067.61 
543 1060.32 
544 1053.15 
545 1046.12 
546 1039.24 
547 1032.5 
548 1025.94 
549 1019.54 
550 1013.34 
551 1007.32 
552 1001.5 
553 995.887 
554 990.471 
555 985.26 
556 980.256 
557 975.46 
558 970.876 
559 966.506 
560 962.352 
561 958.416 
562 954.702 
563 951.211 
564 947.946 
565 944.908 
566 942.102 
567 939.529 
568 937.191 
569 935.091 
570 933.231 
571 931.614 
572 930.242 
573 929.119 
574 928.245 
575 927.624 
576 927.258 
577 927.149 
578 927.301 
579 927.715 
580 928.394 
581 929.341 
582 930.558 
583 932.047 
584 933.812 
585 935.854 
586 938.176 
587 940.781 
588 943.671 
589 946.849 
590 950.317 
591 954.078 
592 958.134 
593 962.488 
594 967.143 
595 972.101 
596 977.365 
597 982.937 
598 988.819 
599 995.016 
600 1001.53 
601 1008.36 
602 1015.5 
603 1022.96 
604 1030.72 
605 1038.79 
606 1047.15 
607 1055.81 
608 1064.76 
609 1073.99 
610 1083.5 
611 1093.3 
612 1103.36 
613 1113.69 
614 1124.29 
615 1135.14 
616 1146.24 
617 1157.59 
618 1169.19 
619 1181.02 
620 1193.08 
621 1205.37 
622 1217.88 
623 1230.6 
624 1243.53 
625 1256.67 
626 1270.01 
627 1283.53 
628 1297.25 
629 1311.14 
630 1325.2 
631 1339.44 
632 1353.83 
633 1368.38 
634 1383.08 
635 1397.91 
636 1412.88 
637 1427.98 
638 1443.2 
639 1458.53 
640 1473.97 
641 1489.5 
642 1505.13 
643 1520.84 
644 1536.63 
645 1552.49 
646 1568.4 
647 1584.38 
648 1600.39 
649 1616.45 
650 1632.53 
651 1648.63 
652 1664.75 
653 1680.88 
654 1697.02 
655 1713.15 
656 1729.27 
657 1745.38 
658 1761.48 
659 1777.54 
660 1793.58 
661 1809.58 
662 1825.53 
663 1841.44 
664 1857.28 
665 1873.07 
666 1888.79 
667 1904.43 
668 1919.98 
669 1935.45 
670 1950.83 
671 1966.1 
672 1981.26 
673 1996.3 
674 2011.22 
675 2026.01 
676 2040.66 
677 2055.17 
678 2069.53 
679 2083.72 
680 2097.75 
681 2111.6 
682 2125.27 
683 2138.75 
684 2152.03 
685 2165.11 
686 2177.97 
687 2190.61 
688 2203.03 
689 2215.2 
690 2227.13 
691 2238.8 
692 2250.21 
693 2261.35 
694 2272.21 
695 2282.79 
696 2293.06 
697 2303.03 
698 2312.69 
699 2322.02 
700 2331.02 
701 2339.68 
702 2348 
703 2355.98 
704 2363.61 
705 2370.9 
706 2377.85 
707 2384.45 
708 2390.71 
709 2396.62 
710 2402.19 
711 2407.41 
712 2412.29 
713 2416.81 
714 2420.99 
715 2424.83 
716 2428.31 
717 2431.45 
718 2434.24 
719 2436.68 
720 2438.78 
721 2440.52 
722 2441.91 
723 2442.96 
724 2443.66 
725 2444 
726 2444 
727 2443.65 
728 2442.95 
729 2441.9 
730 2440.5 
731 2438.75 
732 2436.65 
733 2434.21 
734 2431.41 
735 2428.26 
736 2424.77 
737 2420.92 
738 2416.73 
739 2412.19 
740 2407.3 
741 2402.07 
742 2396.49 
743 2390.55 
744 2384.28 
745 2377.65 
746 2370.68 
747 2363.37 
748 2355.71 
749 2347.7 
750 2339.35 
751 2330.66 
752 2321.63 
753 2312.26 
754 2302.57 
755 2292.55 
756 2282.22 
757 2271.57 
758 2260.61 
759 2249.35 
760 2237.79 
761 2225.94 
762 2213.81 
763 2201.4 
764 2188.71 
765 2175.75 
766 2162.53 
767 2149.05 
768 2135.33 
769 2121.35 
770 2107.14 
771 2092.7 
772 2078.03 
773 2063.15 
774 2048.05 
775 2032.74 
776 2017.24 
777 2001.54 
778 1985.66 
779 1969.6 
780 1953.37 
781 1936.97 
782 1920.41 
783 1903.71 
784 1886.86 
785 1869.87 
786 1852.76 
787 1835.53 
788 1818.18 
789 1800.73 
790 1783.18 
791 1765.54 
792 1747.82 
793 1730.03 
794 1712.17 
795 1694.25 
796 1676.29 
797 1658.28 
798 1640.24 
799 1622.18 
800 1604.1 
801 1586.01 
802 1567.93 
803 1549.84 
804 1531.76 
805 1513.7 
806 1495.65 
807 1477.63 
808 1459.63 
809 1441.67 
810 1423.74 
811 1405.85 
812 1388.01 
813 1370.22 
814 1352.49 
815 1334.83 
816 1317.23 
817 1299.7 
818 1282.26 
819 1264.9 
820 1247.62 
821 1230.45 
822 1213.37 
823 1196.4 
824 1179.54 
825 1162.8 
826 1146.18 
827 1129.7 
828 1113.34 
829 1097.13 
830 1081.06 
831 1065.15 
832 1049.4 
833 1033.81 
834 1018.39 
835 1003.15 
836 988.09 
837 973.221 
838 958.548 
839 944.078 
840 929.815 
841 915.768 
842 901.943 
843 888.345 
844 874.982 
845 861.86 
846 848.986 
847 836.366 
848 824.008 
849 811.919 
850 800.104 
851 788.57 
852 777.318 
853 766.347 
854 755.656 
855 745.246 
856 735.115 
857 725.264 
858 715.691 
859 706.396 
860 697.378 
861 688.637 
862 680.173 
863 671.983 
864 664.069 
865 656.428 
866 649.061 
867 641.966 
868 635.143 
869 628.592 
870 622.31 
871 616.298 
872 610.554 
873 605.078 
874 599.869 
875 594.926 
876 590.247 
877 585.832 
878 581.681 
879 577.791 
880 574.162 
881 570.793 
882 567.683 
883 564.831 
884 562.235 
885 559.895 
886 557.808 
887 555.975 
888 554.394 
889 553.064 
890 551.982 
891 551.149 
892 550.563 
893 550.222 
894 550.126 
895 550.272 
896 550.659 
897 551.287 
898 552.153 
899 553.256 
900 554.594 
901 556.167 
902 557.969 
903 559.996 
904 562.246 
905 564.712 
906 567.392 
907 570.279 
908 573.371 
909 576.663 
910 580.15 
911 583.827 
912 587.69 
913 591.734 
914 595.955 
915 600.348 
916 604.907 
917 609.629 
918 614.508 
919 619.539 
920 624.717 
921 630.038 
922 635.495 
923 641.085 
924 646.801 
925 652.638 
926 658.592 
927 664.656 
928 670.826 
929 677.096 
930 683.46 
931 689.913 
932 696.45 
933 703.064 
934 709.749 
935 716.501 
936 723.313 
937 730.18 
938 737.095 
939 744.052 
940 751.046 
941 758.071 
942 765.12 
943 772.187 
944 779.265 
945 786.35 
946 793.434 
947 800.51 
948 807.573 
949 814.616 
950 821.632 
951 828.616 
952 835.563 
953 842.472 
954 849.34 
955 856.163 
956 862.938 
957 869.664 
958 876.337 
959 882.954 
960 889.512 
961 896.009 
962 902.441 
963 908.805 
964 915.099 
965 921.319 
966 927.463 
967 933.526 
968 939.507 
969 945.402 
970 951.208 
971 956.921 
972 962.539 
973 968.058 
974 973.476 
975 978.788 
976 983.992 
977 989.085 
978 994.062 
979 998.921 
980 1003.66 
981 1008.27 
982 1012.75 
983 1017.11 
984 1021.32 
985 1025.4 
986 1029.34 
987 1033.13 
988 1036.77 
989 1040.25 
990 1043.58 
991 1046.75 
992 1049.76 
993 1052.6 
994 1055.27 
995 1057.76 
996 1060.08 
997 1062.21 
998 1064.16 
999 1065.91 
1000 1067.48 
1001 1068.84 
1002 1070.01 
1003 1070.99 
1004 1071.77 
1005 1072.37 
1006 1072.77 
1007 1072.99 
1008 1073.02 
1009 1072.87 
1010 1072.54 
1011 1072.03 
1012 1071.34 
1013 1070.48 
1014 1069.44 
1015 1068.23 
1016 1066.85 
1017 1065.3 
1018 1063.59 
1019 1061.72 
1020 1059.68 
1021 1057.48 
1022 1055.13 
1023 1052.62 
1024 1049.96 
1025 1047.15 
1026 1044.19 
1027 1041.09 
1028 1037.84 
1029 1034.45 
1030 1030.92 
1031 1027.25 
1032 1023.45 
1033 1019.52 
1034 1015.45 
1035 1011.26 
1036 1006.95 
1037 1002.51 
1038 997.955 
1039 993.281 
1040 988.493 
1041 983.592 
1042 978.581 
1043 973.464 
1044 968.242 
1045 962.919 
1046 957.497 
1047 951.979 
1048 946.367 
1049 940.664 
1050 934.873 
1051 928.998 
1052 923.04 
1053 917.003 
1054 910.891 
1055 904.707 
1056 898.453 
1057 892.134 
1058 885.752 
1059 879.311 
1060 872.815 
1061 866.266 
1062 859.668 
1063 853.025 
1064 846.341 
1065 839.617 
1066 832.859 
1067 826.07 
1068 819.253 
1069 812.412 
1070 805.55 
1071 798.672 
1072 791.781 
1073 784.88 
1074 777.974 
1075 771.067 
1076 764.161 
1077 757.261 
1078 750.371 
1079 743.495 
1080 736.637 
1081 729.8 
1082 722.989 
1083 716.207 
1084 709.459 
1085 702.749 
1086 696.081 
1087 689.458 
1088 682.886 
1089 676.368 
1090 669.909 
1091 663.512 
1092 657.182 
1093 650.924 
1094 644.741 
1095 638.639 
1096 632.62 
1097 626.691 
1098 620.855 
1099 615.116 
1100 609.48 
1101 603.95 
1102 598.528 
1103 593.214 
1104 588.011 
1105 582.918 
1106 577.937 
1107 573.069 
1108 568.315 
1109 563.676 
1110 559.154 
1111 554.748 
1112 550.46 
1113 546.292 
1114 542.243 
1115 538.316 
1116 534.512 
1117 530.831 
1118 527.274 
1119 523.844 
1120 520.539 
1121 517.363 
1122 514.315 
1123 511.398 
1124 508.611 
1125 505.957 
1126 503.436 
1127 501.049 
1128 498.798 
1129 496.684 
1130 494.707 
1131 492.869 
1132 491.171 
1133 489.614 
1134 488.199 
1135 486.928 
1136 485.801 
1137 484.82 
1138 483.986 
1139 483.3 
1140 482.763 
1141 482.376 
1142 482.141 
1143 482.059 
1144 482.13 
1145 482.357 
1146 482.739 
1147 483.279 
1148 483.978 
1149 484.836 
1150 485.855 
1151 487.036 
1152 488.377 
1153 489.875 
1154 491.528 
1155 493.334 
1156 495.289 
1157 497.392 
1158 499.639 
1159 502.029 
1160 504.559 
1161 507.226 
1162 510.027 
1163 512.96 
1164 516.023 
1165 519.212 
1166 522.525 
1167 525.959 
1168 529.511 
1169 533.179 
1170 536.96 
1171 540.85 
1172 544.848 
1173 548.95 
1174 553.153 
1175 557.455 
1176 561.853 
1177 566.343 
1178 570.922 
1179 575.588 
1180 580.338 
1181 585.169 
1182 590.077 
1183 595.059 
1184 600.113 
1185 605.234 
1186 610.421 
1187 615.67 
1188 620.978 
1189 626.34 
1190 631.755 
1191 637.219 
1192 642.729 
1193 648.281 
1194 653.872 
1195 659.498 
1196 665.157 
1197 670.845 
1198 676.558 
1199 682.293 
1200 688.046 
1201 693.815 
1202 699.596 
1203 705.388 
1204 711.187 
1205 716.991 
1206 722.799 
1207 728.606 
1208 734.412 
1209 740.213 
1210 746.006 
1211 751.79 
1212 757.562 
1213 763.318 
1214 769.058 
1215 774.777 
1216 780.473 
1217 786.144 
1218 791.787 
1219 797.399 
1220 802.978 
1221 808.521 
1222 814.025 
1223 819.488 
1224 824.906 
1225 830.277 
1226 835.598 
1227 840.866 
1228 846.079 
1229 851.233 
1230 856.326 
1231 861.355 
1232 866.317 
1233 871.209 
1234 876.028 
1235 880.772 
1236 885.436 
1237 890.019 
1238 894.517 
1239 898.927 
1240 903.246 
1241 907.472 
1242 911.6 
1243 915.629 
1244 919.554 
1245 923.373 
1246 927.083 
1247 930.68 
1248 934.162 
1249 937.524 
1250 940.765 
1251 943.88 
1252 946.87 
1253 949.734 
1254 952.472 
1255 955.084 
1256 957.569 
1257 959.927 
1258 962.158 
1259 964.261 
1260 966.237 
1261 968.085 
1262 969.805 
1263 971.397 
1264 972.86 
1265 974.194 
1266 975.4 
1267 976.475 
1268 977.422 
1269 978.238 
1270 978.925 
1271 979.481 
1272 979.907 
1273 980.202 
1274 980.366 
1275 980.399 
1276 980.301 
1277 980.071 
1278 979.709 
1279 979.215 
1280 978.589 
1281 977.831 
1282 976.939 
1283 975.915 
1284 974.758 
1285 973.468 
1286 972.043 
1287 970.486 
1288 968.794 
1289 966.968 
1290 965.007 
1291 962.913 
1292 960.683 
1293 958.318 
1294 955.819 
1295 953.183 
1296 950.413 
1297 947.506 
1298 944.464 
1299 941.286 
1300 937.971 
1301 934.52 
1302 930.935 
1303 927.218 
1304 923.372 
1305 919.398 
1306 915.3 
1307 911.079 
1308 906.738 
1309 902.28 
1310 897.707 
1311 893.021 
1312 888.224 
1313 883.32 
1314 878.311 
1315 873.199 
1316 867.987 
1317 862.678 
1318 857.273 
1319 851.777 
1320 846.19 
1321 840.516 
1322 834.758 
1323 828.918 
1324 822.999 
1325 817.004 
1326 810.935 
1327 804.794 
1328 798.586 
1329 792.312 
1330 785.976 
1331 779.58 
1332 773.127 
1333 766.619 
1334 760.061 
1335 753.454 
1336 746.801 
1337 740.106 
1338 733.371 
1339 726.6 
1340 719.795 
1341 712.959 
1342 706.095 
1343 699.207 
1344 692.297 
1345 685.368 
1346 678.424 
1347 671.468 
1348 664.502 
1349 657.53 
1350 650.555 
1351 643.58 
1352 636.607 
1353 629.638 
1354 622.676 
1355 615.721 
1356 608.776 
1357 601.843 
1358 594.925 
1359 588.022 
1360 581.138 
1361 574.274 
1362 567.432 
1363 560.614 
1364 553.822 
1365 547.059 
1366 540.327 
1367 533.627 
1368 526.963 
1369 520.335 
1370 513.746 
1371 507.198 
1372 500.694 
1373 494.236 
1374 487.825 
1375 481.465 
1376 475.157 
1377 468.903 
1378 462.706 
1379 456.568 
1380 450.491 
1381 444.478 
1382 438.531 
1383 432.652 
1384 426.843 
1385 421.107 
1386 415.446 
1387 409.863 
1388 404.36 
1389 398.939 
1390 393.602 
1391 388.353 
1392 383.193 
1393 378.125 
1394 373.151 
1395 368.274 
1396 363.496 
1397 358.82 
1398 354.248 
1399 349.782 
1400 345.426 
1401 341.181 
1402 337.047 
1403 333.024 
1404 329.111 
1405 325.308 
1406 321.613 
1407 318.028 
1408 314.55 
1409 311.179 
1410 307.916 
1411 304.758 
1412 301.707 
1413 298.761 
1414 295.919 
1415 293.181 
1416 290.547 
1417 288.015 
1418 285.586 
1419 283.258 
1420 281.032 
1421 278.905 
1422 276.879 
1423 274.952 
1424 273.123 
1425 271.392 
1426 269.758 
1427 268.221 
1428 266.78 
1429 265.434 
1430 264.183 
1431 263.026 
1432 261.962 
1433 260.991 
1434 260.111 
1435 259.323 
1436 258.625 
1437 258.017 
1438 257.499 
1439 257.068 
1440 256.726 
1441 256.47 
1442 256.3 
1443 256.216 
1444 256.217 
1445 256.302 
1446 256.47 
1447 256.721 
1448 257.053 
1449 257.466 
1450 257.96 
1451 258.532 
1452 259.183 
1453 259.91 
1454 260.712 
1455 261.587 
1456 262.534 
1457 263.551 
1458 264.637 
1459 265.789 
1460 267.007 
1461 268.289 
1462 269.633 
1463 271.037 
1464 272.501 
1465 274.021 
1466 275.597 
1467 277.228 
1468 278.91 
1469 280.643 
1470 282.425 
1471 284.254 
1472 286.128 
1473 288.046 
1474 290.006 
1475 292.006 
1476 294.045 
1477 296.121 
1478 298.231 
1479 300.375 
1480 302.55 
1481 304.754 
1482 306.986 
1483 309.244 
1484 311.526 
1485 313.83 
1486 316.155 
1487 318.498 
1488 320.857 
1489 323.232 
1490 325.619 
1491 328.017 
1492 330.424 
1493 332.837 
1494 335.256 
1495 337.679 
1496 340.102 
1497 342.524 
1498 344.944 
1499 347.359 
1500 349.767 
1501 352.166 
1502 354.556 
1503 356.934 
1504 359.3 
1505 361.653 
1506 363.991 
1507 366.313 
1508 368.618 
1509 370.906 
1510 373.174 
1511 375.421 
1512 377.647 
1513 379.849 
1514 382.028 
1515 384.181 
1516 386.308 
1517 388.407 
1518 390.476 
1519 392.516 
1520 394.524 
1521 396.499 
1522 398.44 
1523 400.345 
1524 402.214 
1525 404.046 
1526 405.837 
1527 407.589 
1528 409.299 
1529 410.965 
1530 412.587 
1531 414.164 
1532 415.693 
1533 417.174 
1534 418.605 
1535 419.986 
1536 421.314 
1537 422.588 
1538 423.807 
1539 424.969 
1540 426.074 
1541 427.119 
1542 428.104 
1543 429.027 
1544 429.886 
1545 430.681 
1546 431.409 
1547 432.069 
1548 432.661 
1549 433.182 
1550 433.631 
1551 434.007 
1552 434.31 
1553 434.541 
1554 434.701 
1555 434.79 
1556 434.808 
1557 434.757 
1558 434.637 
1559 434.449 
1560 434.193 
1561 433.87 
1562 433.481 
1563 433.026 
1564 432.506 
1565 431.922 
1566 431.274 
1567 430.563 
1568 429.79 
1569 428.956 
1570 428.06 
1571 427.105 
1572 426.09 
1573 425.016 
1574 423.885 
1575 422.696 
1576 421.451 
1577 420.15 
1578 418.793 
1579 417.383 
1580 415.919 
1581 414.402 
1582 412.832 
1583 411.212 
1584 409.541 
1585 407.82 
1586 406.051 
1587 404.233 
1588 402.367 
1589 400.455 
1590 398.497 
1591 396.494 
1592 394.446 
1593 392.356 
1594 390.222 
1595 388.047 
1596 385.83 
1597 383.573 
1598 381.277 
1599 378.943 
1600 376.57 
1601 374.161 
1602 371.716 
1603 369.238 
1604 366.726 
1605 364.184 
1606 361.611 
1607 359.011 
1608 356.383 
1609 353.73 
1610 351.054 
1611 348.354 
1612 345.634 
1613 342.894 
1614 340.137 
1615 337.362 
1616 334.573 
1617 331.771 
1618 328.956 
1619 326.131 
1620 323.298 
1621 320.457 
1622 317.61 
1623 314.759 
1624 311.906 
1625 309.052 
1626 306.198 
1627 303.347 
1628 300.499 
1629 297.657 
1630 294.822 
1631 291.995 
1632 289.179 
1633 286.375 
1634 283.584 
1635 280.809 
1636 278.051 
1637 275.311 
1638 272.592 
1639 269.895 
1640 267.221 
1641 264.573 
1642 261.952 
1643 259.36 
1644 256.799 
1645 254.27 
1646 251.775 
1647 249.316 
1648 246.894 
1649 244.512 
1650 242.171 
1651 239.873 
1652 237.618 
1653 235.406 
1654 233.238 
1655 231.113 
1656 229.032 
1657 226.995 
1658 225.002 
1659 223.053 
1660 221.148 
1661 219.288 
1662 217.472 
1663 215.702 
1664 213.976 
1665 212.295 
1666 210.66 
1667 209.07 
1668 207.525 
1669 206.026 
1670 204.573 
1671 203.166 
1672 201.805 
1673 200.491 
1674 199.223 
1675 198.001 
1676 196.826 
1677 195.698 
1678 194.618 
1679 193.584 
1680 192.598 
1681 191.659 
1682 190.768 
1683 189.925 
1684 189.13 
1685 188.382 
1686 187.684 
1687 187.033 
1688 186.432 
1689 185.879 
1690 185.374 
1691 184.919 
1692 184.513 
1693 184.157 
1694 183.85 
1695 183.593 
1696 183.385 
1697 183.228 
1698 183.12 
1699 183.063 
1700 183.056 
1701 183.1 
1702 183.194 
1703 183.337 
1704 183.528 
1705 183.767 
1706 184.053 
1707 184.385 
1708 184.762 
1709 185.184 
1710 185.651 
1711 186.16 
1712 186.712 
1713 187.305 
1714 187.939 
1715 188.613 
1716 189.327 
1717 190.079 
1718 190.869 
1719 191.696 
1720 192.559 
1721 193.457 
1722 194.39 
1723 195.356 
1724 196.356 
1725 197.387 
1726 198.45 
1727 199.543 
1728 200.666 
1729 201.818 
1730 202.997 
1731 204.204 
1732 205.437 
1733 206.695 
1734 207.978 
1735 209.285 
1736 210.614 
1737 211.965 
1738 213.337 
1739 214.73 
1740 216.142 
1741 217.572 
1742 219.02 
1743 220.484 
1744 221.964 
1745 223.459 
1746 224.968 
1747 226.49 
1748 228.024 
1749 229.569 
1750 231.125 
1751 232.69 
1752 234.263 
1753 235.844 
1754 237.433 
1755 239.028 
1756 240.628 
1757 242.234 
1758 243.844 
1759 245.457 
1760 247.073 
1761 248.691 
1762 250.311 
1763 251.93 
1764 253.55 
1765 255.169 
1766 256.786 
1767 258.4 
1768 260.011 
1769 261.618 
1770 263.22 
1771 264.817 
1772 266.407 
1773 267.99 
1774 269.565 
1775 271.131 
1776 272.687 
1777 274.234 
1778 275.769 
1779 277.292 
1780 278.802 
1781 280.298 
1782 281.781 
1783 283.247 
1784 284.698 
1785 286.132 
1786 287.548 
1787 288.946 
1788 290.324 
1789 291.682 
1790 293.019 
1791 294.334 
1792 295.626 
1793 296.894 
1794 298.138 
1795 299.356 
1796 300.548 
1797 301.713 
1798 302.85 
1799 303.959 
1800 305.037 
1801 306.085 
1802 307.102 
1803 308.088 
1804 309.042 
1805 309.965 
1806 310.855 
1807 311.714 
1808 312.54 
1809 313.333 
1810 314.094 
1811 314.821 
1812 315.515 
1813 316.175 
1814 316.8 
1815 317.392 
1816 317.949 
1817 318.471 
1818 318.958 
1819 319.41 
1820 319.826 
1821 320.206 
1822 320.55 
1823 320.857 
1824 321.128 
1825 321.362 
1826 321.558 
1827 321.717 
1828 321.838 
1829 321.921 
1830 321.966 
1831 321.972 
1832 321.939 
1833 321.867 
1834 321.755 
1835 321.604 
1836 321.412 
1837 321.18 
1838 320.907 
1839 320.594 
1840 320.239 
1841 319.843 
1842 319.405 
1843 318.925 
1844 318.403 
1845 317.838 
1846 317.23 
1847 316.578 
1848 315.884 
1849 315.145 
1850 314.362 
1851 313.535 
1852 312.665 
1853 311.751 
1854 310.794 
1855 309.795 
1856 308.755 
1857 307.674 
1858 306.552 
1859 305.391 
1860 304.191 
1861 302.952 
1862 301.676 
1863 300.362 
1864 299.011 
1865 297.625 
1866 296.203 
1867 294.746 
1868 293.255 
1869 291.731 
1870 290.173 
1871 288.583 
1872 286.962 
1873 285.31 
1874 283.627 
1875 281.915 
1876 280.173 
1877 278.403 
1878 276.606 
1879 274.781 
1880 272.93 
1881 271.053 
1882 269.151 
1883 267.225 
1884 265.275 
1885 263.302 
1886 261.306 
1887 259.289 
1888 257.251 
1889 255.192 
1890 253.114 
1891 251.017 
1892 248.901 
1893 246.769 
1894 244.619 
1895 242.453 
1896 240.272 
1897 238.076 
1898 235.866 
1899 233.643 
1900 231.407 
1901 229.16 
1902 226.901 
1903 224.633 
1904 222.356 
1905 220.072 
1906 217.78 
1907 215.483 
1908 213.181 
1909 210.875 
1910 208.566 
1911 206.255 
1912 203.944 
1913 201.633 
1914 199.324 
1915 197.017 
1916 194.713 
1917 192.414 
1918 190.12 
1919 187.833 
1920 185.553 
1921 183.282 
1922 181.021 
1923 178.771 
1924 176.533 
1925 174.308 
1926 172.097 
1927 169.901 
1928 167.721 
1929 165.559 
1930 163.416 
1931 161.292 
1932 159.188 
1933 157.107 
1934 155.048 
1935 153.014 
1936 151.005 
1937 149.022 
1938 147.067 
1939 145.141 
1940 143.244 
1941 141.378 
1942 139.544 
1943 137.744 
1944 135.978 
1945 134.248 
1946 132.554 
1947 130.899 
1948 129.283 
1949 127.707 
1950 126.172 
1951 124.68 
1952 123.23 
1953 121.821 
1954 120.453 
1955 119.124 
1956 117.834 
1957 116.582 
1958 115.367 
1959 114.189 
1960 113.046 
1961 111.937 
1962 110.863 
1963 109.822 
1964 108.813 
1965 107.836 
1966 106.889 
1967 105.972 
1968 105.084 
1969 104.224 
1970 103.391 
1971 102.585 
1972 101.804 
1973 101.047 
1974 100.315 
1975 99.6054 
1976 98.9179 
1977 98.2516 
1978 97.6056 
1979 96.9791 
1980 96.371 
1981 95.7806 
1982 95.2069 
1983 94.6491 
1984 94.1062 
1985 93.5773 
1986 93.0616 
1987 92.558 
1988 92.0658 
1989 91.5839 
1990 91.1115 
1991 90.6476 
1992 90.1912 
1993 89.7415 
1994 89.2975 
1995 88.8583 
1996 88.4229 
1997 87.9903 
1998 87.5596 
1999 87.1299 
2000 86.7002 
