2 967.073 
3 951.093 
4 935.366 
5 920.728 
6 906.524 
7 892.462 
8 878.394 
9 863.759 
10 849.987 
11 835.514 
12 821.088 
13 805.85 
14 791.101 
15 776.939 
16 761.359 
17 745.255 
18 729.979 
19 715.977 
20 702.543 
21 688.272 
22 673.408 
23 658.538 
24 643.971 
25 629.679 
26 615.421 
27 601.368 
28 587.692 
29 574.382 
30 561.215 
31 547.892 
32 534.567 
33 521.499 
34 508.901 
35 496.934 
36 485.698 
37 475.225 
38 465.47 
39 456.306 
40 447.512 
41 438.855 
42 430.375 
43 422.177 
44 414.351 
45 406.975 
46 400.108 
47 393.791 
48 388.045 
49 382.869 
50 378.237 
51 374.12 
52 370.553 
53 367.581 
54 365.241 
55 363.56 
56 362.551 
57 362.219 
58 362.553 
59 363.53 
60 365.114 
61 367.266 
62 370.003 
63 373.349 
64 377.325 
65 381.947 
66 387.228 
67 393.172 
68 399.781 
69 407.049 
70 414.965 
71 423.517 
72 432.712 
73 442.559 
74 453.066 
75 464.237 
76 476.071 
77 488.565 
78 501.713 
79 515.503 
80 529.921 
81 544.953 
82 560.598 
83 576.86 
84 593.737 
85 611.228 
86 629.33 
87 648.037 
88 667.341 
89 687.232 
90 707.698 
91 728.726 
92 750.309 
93 772.443 
94 795.12 
95 818.331 
96 842.068 
97 866.318 
98 891.067 
99 916.303 
100 942.007 
101 968.164 
102 994.765 
103 1021.81 
104 1049.28 
105 1077.17 
106 1105.48 
107 1134.19 
108 1163.3 
109 1192.79 
110 1222.66 
111 1252.88 
112 1283.45 
113 1314.34 
114 1345.56 
115 1377.07 
116 1408.86 
117 1440.92 
118 1473.22 
119 1505.74 
120 1538.47 
121 1571.38 
122 1604.45 
123 1637.69 
124 1671.06 
125 1704.57 
126 1738.19 
127 1771.92 
128 1805.73 
129 1839.62 
130 1873.57 
131 1907.57 
132 1941.59 
133 1975.62 
134 2009.66 
135 2043.67 
136 2077.65 
137 2111.58 
138 2145.43 
139 2179.2 
140 2212.86 
141 2246.4 
142 2279.8 
143 2313.04 
144 2346.12 
145 2379.02 
146 2411.72 
147 2444.21 
148 2476.48 
149 2508.51 
150 2540.28 
151 2571.79 
152 2603.02 
153 2633.95 
154 2664.57 
155 2694.86 
156 2724.82 
157 2754.41 
158 2783.64 
159 2812.48 
160 2840.92 
161 2868.95 
162 2896.55 
163 2923.72 
164 2950.43 
165 2976.68 
166 3002.46 
167 3027.76 
168 3052.56 
169 3076.86 
170 3100.64 
171 3123.89 
172 3146.61 
173 3168.78 
174 3190.4 
175 3211.45 
176 3231.93 
177 3251.82 
178 3271.12 
179 3289.82 
180 3307.91 
181 3325.37 
182 3342.22 
183 3358.43 
184 3374 
185 3388.93 
186 3403.2 
187 3416.82 
188 3429.78 
189 3442.07 
190 3453.69 
191 3464.64 
192 3474.9 
193 3484.48 
194 3493.38 
195 3501.59 
196 3509.1 
197 3515.93 
198 3522.05 
199 3527.48 
200 3532.22 
201 3536.25 
202 3539.59 
203 3542.22 
204 3544.16 
205 3545.39 
206 3545.92 
207 3545.76 
208 3544.89 
209 3543.33 
210 3541.07 
211 3538.11 
212 3534.46 
213 3530.13 
214 3525.11 
215 3519.41 
216 3513.03 
217 3505.98 
218 3498.27 
219 3489.89 
220 3480.85 
221 3471.17 
222 3460.85 
223 3449.89 
224 3438.31 
225 3426.1 
226 3413.29 
227 3399.88 
228 3385.86 
229 3371.26 
230 3356.07 
231 3340.3 
232 3323.97 
233 3307.07 
234 3289.62 
235 3271.62 
236 3253.08 
237 3234.02 
238 3214.45 
239 3194.36 
240 3173.78 
241 3152.71 
242 3131.18 
243 3109.17 
244 3086.72 
245 3063.84 
246 3040.53 
247 3016.81 
248 2992.69 
249 2968.19 
250 2943.33 
251 2918.11 
252 2892.55 
253 2866.67 
254 2840.46 
255 2813.94 
256 2787.12 
257 2760.01 
258 2732.62 
259 2704.97 
260 2677.07 
261 2648.92 
262 2620.54 
263 2591.95 
264 2563.16 
265 2534.17 
266 2505.01 
267 2475.69 
268 2446.21 
269 2416.61 
270 2386.88 
271 2357.05 
272 2327.13 
273 2297.14 
274 2267.1 
275 2237.01 
276 2206.9 
277 2176.77 
278 2146.64 
279 2116.53 
280 2086.44 
281 2056.38 
282 2026.36 
283 1996.4 
284 1966.52 
285 1936.71 
286 1907 
287 1877.4 
288 1847.92 
289 1818.57 
290 1789.37 
291 1760.33 
292 1731.46 
293 1702.78 
294 1674.3 
295 1646.04 
296 1618 
297 1590.21 
298 1562.68 
299 1535.41 
300 1508.44 
301 1481.76 
302 1455.39 
303 1429.34 
304 1403.61 
305 1378.2 
306 1353.12 
307 1328.38 
308 1303.99 
309 1279.94 
310 1256.24 
311 1232.91 
312 1209.93 
313 1187.33 
314 1165.1 
315 1143.25 
316 1121.79 
317 1100.71 
318 1080.03 
319 1059.74 
320 1039.86 
321 1020.38 
322 1001.31 
323 982.663 
324 964.431 
325 946.622 
326 929.24 
327 912.289 
328 895.772 
329 879.692 
330 864.053 
331 848.858 
332 834.111 
333 819.814 
334 805.97 
335 792.582 
336 779.652 
337 767.183 
338 755.178 
339 743.638 
340 732.566 
341 721.963 
342 711.832 
343 702.175 
344 692.992 
345 684.285 
346 676.055 
347 668.305 
348 661.033 
349 654.243 
350 647.933 
351 642.105 
352 636.757 
353 631.886 
354 627.489 
355 623.564 
356 620.109 
357 617.119 
358 614.591 
359 612.523 
360 610.908 
361 609.745 
362 609.028 
363 608.753 
364 608.915 
365 609.509 
366 610.531 
367 611.973 
368 613.831 
369 616.099 
370 618.771 
371 621.84 
372 625.299 
373 629.142 
374 633.361 
375 637.95 
376 642.9 
377 648.203 
378 653.852 
379 659.837 
380 666.151 
381 672.783 
382 679.726 
383 686.97 
384 694.504 
385 702.319 
386 710.405 
387 718.75 
388 727.345 
389 736.178 
390 745.237 
391 754.512 
392 763.989 
393 773.658 
394 783.504 
395 793.517 
396 803.681 
397 813.985 
398 824.414 
399 834.955 
400 845.593 
401 856.315 
402 867.116 
403 877.989 
404 888.931 
405 899.937 
406 911.001 
407 922.119 
408 933.284 
409 944.493 
410 955.739 
411 967.017 
412 978.321 
413 989.646 
414 1000.99 
415 1012.33 
416 1023.68 
417 1035.03 
418 1046.37 
419 1057.69 
420 1068.99 
421 1080.26 
422 1091.49 
423 1102.68 
424 1113.82 
425 1124.91 
426 1135.93 
427 1146.88 
428 1157.75 
429 1168.53 
430 1179.22 
431 1189.81 
432 1200.29 
433 1210.65 
434 1220.89 
435 1230.99 
436 1240.96 
437 1250.77 
438 1260.42 
439 1269.9 
440 1279.21 
441 1288.34 
442 1297.27 
443 1305.99 
444 1314.5 
445 1322.79 
446 1330.85 
447 1338.67 
448 1346.24 
449 1353.54 
450 1360.58 
451 1367.33 
452 1373.8 
453 1380 
454 1385.91 
455 1391.54 
456 1396.9 
457 1401.97 
458 1406.77 
459 1411.3 
460 1415.54 
461 1419.52 
462 1423.22 
463 1426.64 
464 1429.8 
465 1432.68 
466 1435.3 
467 1437.65 
468 1439.73 
469 1441.55 
470 1443.1 
471 1444.4 
472 1445.43 
473 1446.2 
474 1446.72 
475 1446.99 
476 1447 
477 1446.76 
478 1446.27 
479 1445.54 
480 1444.57 
481 1443.35 
482 1441.89 
483 1440.2 
484 1438.27 
485 1436.11 
486 1433.72 
487 1431.1 
488 1428.27 
489 1425.21 
490 1421.93 
491 1418.44 
492 1414.74 
493 1410.83 
494 1406.72 
495 1402.4 
496 1397.89 
497 1393.18 
498 1388.28 
499 1383.19 
500 1377.93 
501 1372.48 
502 1366.85 
503 1361.06 
504 1355.1 
505 1348.99 
506 1342.72 
507 1336.3 
508 1329.74 
509 1323.04 
510 1316.21 
511 1309.25 
512 1302.17 
513 1294.98 
514 1287.68 
515 1280.28 
516 1272.79 
517 1265.2 
518 1257.53 
519 1249.79 
520 1241.98 
521 1234.1 
522 1226.17 
523 1218.19 
524 1210.17 
525 1202.12 
526 1194.04 
527 1185.94 
528 1177.83 
529 1169.72 
530 1161.61 
531 1153.51 
532 1145.43 
533 1137.38 
534 1129.37 
535 1121.4 
536 1113.49 
537 1105.64 
538 1097.86 
539 1090.15 
540 1082.54 
541 1075.03 
542 1067.62 
543 1060.33 
544 1053.16 
545 1046.13 
546 1039.24 
547 1032.51 
548 1025.94 
549 1019.55 
550 1013.34 
551 1007.33 
552 1001.51 
553 995.891 
554 990.476 
555 985.265 
556 980.26 
557 975.465 
558 970.88 
559 966.51 
560 962.356 
561 958.421 
562 954.706 
563 951.215 
564 947.95 
565 944.913 
566 942.107 
567 939.533 
568 937.195 
569 935.095 
570 933.236 
571 931.619 
572 930.247 
573 929.123 
574 928.249 
575 927.628 
576 927.262 
577 927.154 
578 927.305 
579 927.72 
580 928.399 
581 929.346 
582 930.562 
583 932.052 
584 933.816 
585 935.858 
586 938.181 
587 940.786 
588 943.676 
589 946.854 
590 950.322 
591 954.083 
592 958.139 
593 962.493 
594 967.148 
595 972.106 
596 977.37 
597 982.941 
598 988.824 
599 995.02 
600 1001.53 
601 1008.36 
602 1015.51 
603 1022.96 
604 1030.72 
605 1038.79 
606 1047.15 
607 1055.81 
608 1064.76 
609 1073.99 
610 1083.51 
611 1093.3 
612 1103.37 
613 1113.7 
614 1124.29 
615 1135.14 
616 1146.25 
617 1157.6 
618 1169.19 
619 1181.02 
620 1193.08 
621 1205.37 
622 1217.88 
623 1230.6 
624 1243.54 
625 1256.68 
626 1270.01 
627 1283.54 
628 1297.25 
629 1311.14 
630 1325.21 
631 1339.44 
632 1353.84 
633 1368.38 
634 1383.08 
635 1397.92 
636 1412.89 
637 1427.99 
638 1443.2 
639 1458.53 
640 1473.97 
641 1489.51 
642 1505.14 
643 1520.85 
644 1536.64 
645 1552.49 
646 1568.41 
647 1584.38 
648 1600.4 
649 1616.45 
650 1632.53 
651 1648.64 
652 1664.76 
653 1680.89 
654 1697.02 
655 1713.15 
656 1729.28 
657 1745.39 
658 1761.48 
659 1777.55 
660 1793.58 
661 1809.58 
662 1825.54 
663 1841.44 
664 1857.29 
665 1873.07 
666 1888.79 
667 1904.43 
668 1919.99 
669 1935.46 
670 1950.83 
671 1966.1 
672 1981.26 
673 1996.31 
674 2011.23 
675 2026.02 
676 2040.67 
677 2055.18 
678 2069.53 
679 2083.73 
680 2097.75 
681 2111.61 
682 2125.28 
683 2138.76 
684 2152.04 
685 2165.12 
686 2177.98 
687 2190.62 
688 2203.03 
689 2215.21 
690 2227.13 
691 2238.81 
692 2250.22 
693 2261.36 
694 2272.22 
695 2282.79 
696 2293.07 
697 2303.04 
698 2312.69 
699 2322.03 
700 2331.03 
701 2339.69 
702 2348.01 
703 2355.98 
704 2363.62 
705 2370.91 
706 2377.85 
707 2384.46 
708 2390.72 
709 2396.63 
710 2402.2 
711 2407.42 
712 2412.29 
713 2416.82 
714 2421 
715 2424.83 
716 2428.32 
717 2431.46 
718 2434.25 
719 2436.69 
720 2438.78 
721 2440.52 
722 2441.92 
723 2442.97 
724 2443.66 
725 2444.01 
726 2444.01 
727 2443.66 
728 2442.96 
729 2441.91 
730 2440.51 
731 2438.76 
732 2436.66 
733 2434.21 
734 2431.41 
735 2428.27 
736 2424.77 
737 2420.93 
738 2416.74 
739 2412.2 
740 2407.31 
741 2402.07 
742 2396.49 
743 2390.56 
744 2384.28 
745 2377.66 
746 2370.69 
747 2363.37 
748 2355.71 
749 2347.71 
750 2339.36 
751 2330.67 
752 2321.64 
753 2312.27 
754 2302.58 
755 2292.56 
756 2282.22 
757 2271.57 
758 2260.62 
759 2249.36 
760 2237.8 
761 2225.95 
762 2213.82 
763 2201.4 
764 2188.71 
765 2175.76 
766 2162.54 
767 2149.06 
768 2135.33 
769 2121.36 
770 2107.15 
771 2092.71 
772 2078.04 
773 2063.15 
774 2048.05 
775 2032.75 
776 2017.25 
777 2001.55 
778 1985.67 
779 1969.61 
780 1953.37 
781 1936.97 
782 1920.42 
783 1903.71 
784 1886.86 
785 1869.88 
786 1852.77 
787 1835.53 
788 1818.19 
789 1800.74 
790 1783.19 
791 1765.55 
792 1747.83 
793 1730.03 
794 1712.17 
795 1694.26 
796 1676.29 
797 1658.28 
798 1640.25 
799 1622.18 
800 1604.1 
801 1586.02 
802 1567.93 
803 1549.85 
804 1531.77 
805 1513.71 
806 1495.66 
807 1477.63 
808 1459.64 
809 1441.67 
810 1423.74 
811 1405.86 
812 1388.02 
813 1370.23 
814 1352.5 
815 1334.83 
816 1317.24 
817 1299.71 
818 1282.26 
819 1264.9 
820 1247.63 
821 1230.45 
822 1213.38 
823 1196.41 
824 1179.55 
825 1162.81 
826 1146.19 
827 1129.7 
828 1113.35 
829 1097.14 
830 1081.07 
831 1065.16 
832 1049.4 
833 1033.81 
834 1018.4 
835 1003.15 
836 988.096 
837 973.228 
838 958.555 
839 944.084 
840 929.822 
841 915.775 
842 901.949 
843 888.351 
844 874.988 
845 861.866 
846 848.992 
847 836.373 
848 824.015 
849 811.925 
850 800.111 
851 788.577 
852 777.324 
853 766.353 
854 755.663 
855 745.253 
856 735.122 
857 725.271 
858 715.698 
859 706.403 
860 697.385 
861 688.644 
862 680.179 
863 671.99 
864 664.075 
865 656.435 
866 649.068 
867 641.973 
868 635.15 
869 628.598 
870 622.317 
871 616.305 
872 610.561 
873 605.085 
874 599.876 
875 594.932 
876 590.254 
877 585.839 
878 581.688 
879 577.798 
880 574.169 
881 570.8 
882 567.69 
883 564.838 
884 562.242 
885 559.901 
886 557.815 
887 555.982 
888 554.401 
889 553.07 
890 551.989 
891 551.156 
892 550.57 
893 550.229 
894 550.133 
895 550.279 
896 550.666 
897 551.294 
898 552.16 
899 553.263 
900 554.601 
901 556.173 
902 557.975 
903 560.003 
904 562.253 
905 564.719 
906 567.398 
907 570.286 
908 573.378 
909 576.67 
910 580.157 
911 583.834 
912 587.697 
913 591.741 
914 595.962 
915 600.355 
916 604.914 
917 609.636 
918 614.515 
919 619.546 
920 624.724 
921 630.044 
922 635.502 
923 641.091 
924 646.808 
925 652.645 
926 658.599 
927 664.663 
928 670.833 
929 677.103 
930 683.467 
931 689.92 
932 696.457 
933 703.071 
934 709.756 
935 716.508 
936 723.32 
937 730.187 
938 737.102 
939 744.059 
940 751.053 
941 758.078 
942 765.127 
943 772.194 
944 779.273 
945 786.357 
946 793.441 
947 800.517 
948 807.58 
949 814.623 
950 821.639 
951 828.623 
952 835.57 
953 842.479 
954 849.347 
955 856.17 
956 862.945 
957 869.671 
958 876.344 
959 882.961 
960 889.519 
961 896.016 
962 902.448 
963 908.812 
964 915.106 
965 921.326 
966 927.47 
967 933.533 
968 939.514 
969 945.409 
970 951.215 
971 956.928 
972 962.546 
973 968.066 
974 973.483 
975 978.795 
976 983.999 
977 989.092 
978 994.069 
979 998.928 
980 1003.67 
981 1008.28 
982 1012.76 
983 1017.11 
984 1021.33 
985 1025.41 
986 1029.34 
987 1033.13 
988 1036.77 
989 1040.26 
990 1043.59 
991 1046.76 
992 1049.77 
993 1052.61 
994 1055.28 
995 1057.77 
996 1060.08 
997 1062.22 
998 1064.16 
999 1065.92 
1000 1067.48 
1001 1068.85 
1002 1070.02 
1003 1071 
1004 1071.78 
1005 1072.37 
1006 1072.78 
1007 1073 
1008 1073.03 
1009 1072.88 
1010 1072.55 
1011 1072.04 
1012 1071.35 
1013 1070.48 
1014 1069.45 
1015 1068.24 
1016 1066.86 
1017 1065.31 
1018 1063.6 
1019 1061.72 
1020 1059.69 
1021 1057.49 
1022 1055.14 
1023 1052.63 
1024 1049.97 
1025 1047.16 
1026 1044.2 
1027 1041.09 
1028 1037.84 
1029 1034.45 
1030 1030.92 
1031 1027.26 
1032 1023.46 
1033 1019.52 
1034 1015.46 
1035 1011.27 
1036 1006.96 
1037 1002.52 
1038 997.963 
1039 993.289 
1040 988.5 
1041 983.599 
1042 978.589 
1043 973.471 
1044 968.25 
1045 962.927 
1046 957.504 
1047 951.986 
1048 946.374 
1049 940.671 
1050 934.881 
1051 929.005 
1052 923.047 
1053 917.011 
1054 910.899 
1055 904.714 
1056 898.461 
1057 892.141 
1058 885.76 
1059 879.319 
1060 872.822 
1061 866.274 
1062 859.676 
1063 853.033 
1064 846.348 
1065 839.625 
1066 832.867 
1067 826.077 
1068 819.26 
1069 812.419 
1070 805.558 
1071 798.679 
1072 791.788 
1073 784.888 
1074 777.982 
1075 771.074 
1076 764.168 
1077 757.269 
1078 750.379 
1079 743.503 
1080 736.644 
1081 729.808 
1082 722.996 
1083 716.215 
1084 709.467 
1085 702.757 
1086 696.088 
1087 689.466 
1088 682.894 
1089 676.376 
1090 669.916 
1091 663.519 
1092 657.19 
1093 650.931 
1094 644.749 
1095 638.646 
1096 632.628 
1097 626.698 
1098 620.862 
1099 615.124 
1100 609.487 
1101 603.957 
1102 598.535 
1103 593.222 
1104 588.018 
1105 582.926 
1106 577.945 
1107 573.077 
1108 568.323 
1109 563.684 
1110 559.161 
1111 554.755 
1112 550.468 
1113 546.299 
1114 542.251 
1115 538.324 
1116 534.52 
1117 530.838 
1118 527.282 
1119 523.851 
1120 520.547 
1121 517.37 
1122 514.323 
1123 511.405 
1124 508.619 
1125 505.965 
1126 503.443 
1127 501.057 
1128 498.806 
1129 496.691 
1130 494.714 
1131 492.876 
1132 491.178 
1133 489.621 
1134 488.207 
1135 486.936 
1136 485.809 
1137 484.828 
1138 483.994 
1139 483.308 
1140 482.771 
1141 482.384 
1142 482.149 
1143 482.066 
1144 482.138 
1145 482.364 
1146 482.747 
1147 483.287 
1148 483.985 
1149 484.844 
1150 485.863 
1151 487.044 
1152 488.385 
1153 489.883 
1154 491.536 
1155 493.341 
1156 495.296 
1157 497.399 
1158 499.647 
1159 502.037 
1160 504.566 
1161 507.233 
1162 510.035 
1163 512.968 
1164 516.03 
1165 519.219 
1166 522.532 
1167 525.966 
1168 529.519 
1169 533.186 
1170 536.967 
1171 540.858 
1172 544.855 
1173 548.957 
1174 553.161 
1175 557.463 
1176 561.86 
1177 566.35 
1178 570.93 
1179 575.596 
1180 580.346 
1181 585.176 
1182 590.084 
1183 595.066 
1184 600.12 
1185 605.242 
1186 610.429 
1187 615.678 
1188 620.985 
1189 626.348 
1190 631.763 
1191 637.227 
1192 642.736 
1193 648.288 
1194 653.879 
1195 659.506 
1196 665.165 
1197 670.852 
1198 676.565 
1199 682.3 
1200 688.054 
1201 693.823 
1202 699.604 
1203 705.395 
1204 711.194 
1205 716.999 
1206 722.806 
1207 728.614 
1208 734.419 
1209 740.22 
1210 746.014 
1211 751.798 
1212 757.569 
1213 763.326 
1214 769.065 
1215 774.784 
1216 780.48 
1217 786.152 
1218 791.795 
1219 797.407 
1220 802.986 
1221 808.529 
1222 814.033 
1223 819.495 
1224 824.913 
1225 830.284 
1226 835.605 
1227 840.873 
1228 846.086 
1229 851.241 
1230 856.334 
1231 861.363 
1232 866.325 
1233 871.217 
1234 876.036 
1235 880.779 
1236 885.444 
1237 890.026 
1238 894.524 
1239 898.934 
1240 903.254 
1241 907.479 
1242 911.608 
1243 915.636 
1244 919.562 
1245 923.381 
1246 927.09 
1247 930.688 
1248 934.169 
1249 937.531 
1250 940.772 
1251 943.887 
1252 946.877 
1253 949.741 
1254 952.479 
1255 955.091 
1256 957.576 
1257 959.934 
1258 962.165 
1259 964.269 
1260 966.245 
1261 968.093 
1262 969.813 
1263 971.404 
1264 972.867 
1265 974.202 
1266 975.407 
1267 976.483 
1268 977.429 
1269 978.245 
1270 978.932 
1271 979.488 
1272 979.914 
1273 980.209 
1274 980.373 
1275 980.406 
1276 980.308 
1277 980.078 
1278 979.716 
1279 979.223 
1280 978.596 
1281 977.838 
1282 976.947 
1283 975.923 
1284 974.765 
1285 973.475 
1286 972.051 
1287 970.493 
1288 968.801 
1289 966.975 
1290 965.015 
1291 962.92 
1292 960.69 
1293 958.326 
1294 955.826 
1295 953.191 
1296 950.42 
1297 947.514 
1298 944.471 
1299 941.293 
1300 937.978 
1301 934.527 
1302 930.942 
1303 927.225 
1304 923.379 
1305 919.405 
1306 915.307 
1307 911.086 
1308 906.746 
1309 902.287 
1310 897.714 
1311 893.028 
1312 888.231 
1313 883.327 
1314 878.318 
1315 873.206 
1316 867.995 
1317 862.685 
1318 857.281 
1319 851.784 
1320 846.197 
1321 840.524 
1322 834.765 
1323 828.925 
1324 823.006 
1325 817.011 
1326 810.942 
1327 804.802 
1328 798.593 
1329 792.319 
1330 785.983 
1331 779.587 
1332 773.134 
1333 766.626 
1334 760.068 
1335 753.461 
1336 746.808 
1337 740.113 
1338 733.378 
1339 726.607 
1340 719.802 
1341 712.966 
1342 706.102 
1343 699.214 
1344 692.304 
1345 685.375 
1346 678.431 
1347 671.475 
1348 664.509 
1349 657.537 
1350 650.562 
1351 643.587 
1352 636.614 
1353 629.645 
1354 622.683 
1355 615.728 
1356 608.783 
1357 601.851 
1358 594.932 
1359 588.029 
1360 581.145 
1361 574.281 
1362 567.439 
1363 560.621 
1364 553.829 
1365 547.067 
1366 540.334 
1367 533.634 
1368 526.97 
1369 520.342 
1370 513.753 
1371 507.205 
1372 500.701 
1373 494.243 
1374 487.832 
1375 481.472 
1376 475.164 
1377 468.91 
1378 462.713 
1379 456.575 
1380 450.498 
1381 444.485 
1382 438.538 
1383 432.659 
1384 426.85 
1385 421.114 
1386 415.454 
1387 409.87 
1388 404.367 
1389 398.946 
1390 393.609 
1391 388.36 
1392 383.2 
1393 378.132 
1394 373.158 
1395 368.281 
1396 363.503 
1397 358.827 
1398 354.255 
1399 349.789 
1400 345.433 
1401 341.188 
1402 337.054 
1403 333.031 
1404 329.118 
1405 325.315 
1406 321.62 
1407 318.035 
1408 314.557 
1409 311.186 
1410 307.923 
1411 304.765 
1412 301.714 
1413 298.768 
1414 295.926 
1415 293.188 
1416 290.554 
1417 288.022 
1418 285.593 
1419 283.265 
1420 281.039 
1421 278.912 
1422 276.886 
1423 274.959 
1424 273.13 
1425 271.399 
1426 269.765 
1427 268.228 
1428 266.787 
1429 265.441 
1430 264.19 
1431 263.033 
1432 261.969 
1433 260.998 
1434 260.118 
1435 259.33 
1436 258.632 
1437 258.024 
1438 257.506 
1439 257.075 
1440 256.733 
1441 256.477 
1442 256.307 
1443 256.223 
1444 256.224 
1445 256.309 
1446 256.477 
1447 256.728 
1448 257.06 
1449 257.473 
1450 257.967 
1451 258.539 
1452 259.19 
1453 259.917 
1454 260.719 
1455 261.594 
1456 262.541 
1457 263.558 
1458 264.644 
1459 265.796 
1460 267.014 
1461 268.296 
1462 269.64 
1463 271.044 
1464 272.508 
1465 274.028 
1466 275.604 
1467 277.234 
1468 278.917 
1469 280.65 
1470 282.432 
1471 284.26 
1472 286.135 
1473 288.053 
1474 290.013 
1475 292.013 
1476 294.052 
1477 296.128 
1478 298.238 
1479 300.382 
1480 302.556 
1481 304.761 
1482 306.993 
1483 309.251 
1484 311.533 
1485 313.837 
1486 316.162 
1487 318.505 
1488 320.864 
1489 323.238 
1490 325.626 
1491 328.023 
1492 330.43 
1493 332.844 
1494 335.263 
1495 337.685 
1496 340.109 
1497 342.531 
1498 344.951 
1499 347.366 
1500 349.774 
1501 352.173 
1502 354.563 
1503 356.941 
1504 359.307 
1505 361.66 
1506 363.998 
1507 366.32 
1508 368.625 
1509 370.912 
1510 373.18 
1511 375.428 
1512 377.653 
1513 379.856 
1514 382.035 
1515 384.188 
1516 386.315 
1517 388.413 
1518 390.483 
1519 392.522 
1520 394.53 
1521 396.505 
1522 398.446 
1523 400.352 
1524 402.221 
1525 404.052 
1526 405.844 
1527 407.596 
1528 409.305 
1529 410.972 
1530 412.594 
1531 414.17 
1532 415.7 
1533 417.181 
1534 418.612 
1535 419.992 
1536 421.32 
1537 422.594 
1538 423.813 
1539 424.976 
1540 426.08 
1541 427.126 
1542 428.111 
1543 429.033 
1544 429.893 
1545 430.687 
1546 431.415 
1547 432.076 
1548 432.668 
1549 433.189 
1550 433.638 
1551 434.014 
1552 434.317 
1553 434.548 
1554 434.708 
1555 434.796 
1556 434.815 
1557 434.764 
1558 434.644 
1559 434.455 
1560 434.199 
1561 433.876 
1562 433.487 
1563 433.032 
1564 432.512 
1565 431.928 
1566 431.28 
1567 430.57 
1568 429.797 
1569 428.962 
1570 428.067 
1571 427.111 
1572 426.096 
1573 425.023 
1574 423.891 
1575 422.703 
1576 421.457 
1577 420.156 
1578 418.8 
1579 417.389 
1580 415.925 
1581 414.408 
1582 412.839 
1583 411.219 
1584 409.548 
1585 407.827 
1586 406.057 
1587 404.239 
1588 402.374 
1589 400.461 
1590 398.503 
1591 396.5 
1592 394.453 
1593 392.362 
1594 390.228 
1595 388.053 
1596 385.836 
1597 383.58 
1598 381.284 
1599 378.949 
1600 376.577 
1601 374.167 
1602 371.723 
1603 369.244 
1604 366.733 
1605 364.19 
1606 361.618 
1607 359.017 
1608 356.39 
1609 353.737 
1610 351.06 
1611 348.361 
1612 345.64 
1613 342.901 
1614 340.143 
1615 337.369 
1616 334.58 
1617 331.777 
1618 328.963 
1619 326.138 
1620 323.304 
1621 320.463 
1622 317.616 
1623 314.766 
1624 311.912 
1625 309.058 
1626 306.204 
1627 303.353 
1628 300.505 
1629 297.663 
1630 294.828 
1631 292.001 
1632 289.185 
1633 286.381 
1634 283.591 
1635 280.815 
1636 278.057 
1637 275.317 
1638 272.598 
1639 269.901 
1640 267.227 
1641 264.579 
1642 261.958 
1643 259.366 
1644 256.805 
1645 254.276 
1646 251.781 
1647 249.322 
1648 246.9 
1649 244.518 
1650 242.177 
1651 239.879 
1652 237.624 
1653 235.412 
1654 233.244 
1655 231.119 
1656 229.038 
1657 227.001 
1658 225.008 
1659 223.059 
1660 221.154 
1661 219.294 
1662 217.479 
1663 215.708 
1664 213.982 
1665 212.301 
1666 210.666 
1667 209.076 
1668 207.531 
1669 206.032 
1670 204.579 
1671 203.172 
1672 201.811 
1673 200.497 
1674 199.229 
1675 198.007 
1676 196.832 
1677 195.704 
1678 194.624 
1679 193.59 
1680 192.604 
1681 191.665 
1682 190.774 
1683 189.931 
1684 189.136 
1685 188.389 
1686 187.69 
1687 187.039 
1688 186.438 
1689 185.885 
1690 185.38 
1691 184.925 
1692 184.519 
1693 184.163 
1694 183.856 
1695 183.599 
1696 183.391 
1697 183.234 
1698 183.126 
1699 183.069 
1700 183.062 
1701 183.106 
1702 183.2 
1703 183.343 
1704 183.534 
1705 183.773 
1706 184.059 
1707 184.391 
1708 184.768 
1709 185.19 
1710 185.657 
1711 186.166 
1712 186.717 
1713 187.311 
1714 187.945 
1715 188.619 
1716 189.333 
1717 190.085 
1718 190.875 
1719 191.702 
1720 192.565 
1721 193.463 
1722 194.396 
1723 195.362 
1724 196.362 
1725 197.393 
1726 198.456 
1727 199.549 
1728 200.672 
1729 201.824 
1730 203.003 
1731 204.21 
1732 205.443 
1733 206.701 
1734 207.984 
1735 209.29 
1736 210.62 
1737 211.971 
1738 213.343 
1739 214.736 
1740 216.148 
1741 217.578 
1742 219.026 
1743 220.49 
1744 221.97 
1745 223.465 
1746 224.974 
1747 226.496 
1748 228.03 
1749 229.575 
1750 231.13 
1751 232.695 
1752 234.269 
1753 235.85 
1754 237.438 
1755 239.033 
1756 240.634 
1757 242.239 
1758 243.849 
1759 245.463 
1760 247.079 
1761 248.697 
1762 250.316 
1763 251.936 
1764 253.556 
1765 255.174 
1766 256.791 
1767 258.406 
1768 260.017 
1769 261.624 
1770 263.226 
1771 264.822 
1772 266.413 
1773 267.995 
1774 269.57 
1775 271.136 
1776 272.693 
1777 274.239 
1778 275.774 
1779 277.297 
1780 278.807 
1781 280.304 
1782 281.786 
1783 283.253 
1784 284.704 
1785 286.138 
1786 287.554 
1787 288.951 
1788 290.33 
1789 291.687 
1790 293.024 
1791 294.339 
1792 295.631 
1793 296.899 
1794 298.143 
1795 299.362 
1796 300.554 
1797 301.719 
1798 302.856 
1799 303.964 
1800 305.042 
1801 306.09 
1802 307.107 
1803 308.093 
1804 309.047 
1805 309.97 
1806 310.861 
1807 311.719 
1808 312.545 
1809 313.339 
1810 314.099 
1811 314.826 
1812 315.52 
1813 316.18 
1814 316.806 
1815 317.397 
1816 317.954 
1817 318.476 
1818 318.963 
1819 319.415 
1820 319.831 
1821 320.211 
1822 320.555 
1823 320.863 
1824 321.133 
1825 321.367 
1826 321.564 
1827 321.723 
1828 321.844 
1829 321.927 
1830 321.971 
1831 321.977 
1832 321.944 
1833 321.872 
1834 321.76 
1835 321.609 
1836 321.417 
1837 321.185 
1838 320.913 
1839 320.599 
1840 320.244 
1841 319.848 
1842 319.41 
1843 318.93 
1844 318.408 
1845 317.843 
1846 317.235 
1847 316.584 
1848 315.889 
1849 315.15 
1850 314.368 
1851 313.541 
1852 312.67 
1853 311.756 
1854 310.799 
1855 309.8 
1856 308.76 
1857 307.679 
1858 306.558 
1859 305.396 
1860 304.196 
1861 302.957 
1862 301.681 
1863 300.367 
1864 299.016 
1865 297.63 
1866 296.208 
1867 294.751 
1868 293.26 
1869 291.736 
1870 290.178 
1871 288.588 
1872 286.967 
1873 285.315 
1874 283.632 
1875 281.92 
1876 280.178 
1877 278.408 
1878 276.611 
1879 274.786 
1880 272.935 
1881 271.058 
1882 269.156 
1883 267.23 
1884 265.28 
1885 263.307 
1886 261.311 
1887 259.294 
1888 257.256 
1889 255.197 
1890 253.119 
1891 251.022 
1892 248.906 
1893 246.773 
1894 244.624 
1895 242.458 
1896 240.277 
1897 238.081 
1898 235.871 
1899 233.648 
1900 231.412 
1901 229.165 
1902 226.906 
1903 224.638 
1904 222.361 
1905 220.077 
1906 217.785 
1907 215.488 
1908 213.186 
1909 210.88 
1910 208.571 
1911 206.26 
1912 203.949 
1913 201.638 
1914 199.329 
1915 197.021 
1916 194.718 
1917 192.418 
1918 190.125 
1919 187.837 
1920 185.558 
1921 183.287 
1922 181.026 
1923 178.776 
1924 176.538 
1925 174.313 
1926 172.102 
1927 169.906 
1928 167.726 
1929 165.564 
1930 163.42 
1931 161.296 
1932 159.193 
1933 157.112 
1934 155.053 
1935 153.019 
1936 151.01 
1937 149.027 
1938 147.072 
1939 145.145 
1940 143.249 
1941 141.383 
1942 139.549 
1943 137.749 
1944 135.983 
1945 134.253 
1946 132.559 
1947 130.904 
1948 129.287 
1949 127.711 
1950 126.177 
1951 124.685 
1952 123.235 
1953 121.826 
1954 120.458 
1955 119.129 
1956 117.839 
1957 116.587 
1958 115.372 
1959 114.193 
1960 113.05 
1961 111.942 
1962 110.868 
1963 109.827 
1964 108.818 
1965 107.84 
1966 106.894 
1967 105.977 
1968 105.088 
1969 104.228 
1970 103.396 
1971 102.589 
1972 101.808 
1973 101.052 
1974 100.32 
1975 99.61 
1976 98.9226 
1977 98.2563 
1978 97.6103 
1979 96.9837 
1980 96.3756 
1981 95.7852 
1982 95.2115 
1983 94.6537 
1984 94.1108 
1985 93.5819 
1986 93.0662 
1987 92.5626 
1988 92.0704 
1989 91.5885 
1990 91.1161 
1991 90.6522 
1992 90.1958 
1993 89.7461 
1994 89.3021 
1995 88.8629 
1996 88.4274 
1997 87.9949 
1998 87.5642 
1999 87.1345 
2000 86.7047 
