-20 0 131.804 7.819e-12 -7.81895e-12 2.05367e-06 8.42005e-06 2.39515e-31 0.99999 0 6.68803e-15 2.52196e+35 7.81895e-12 0.05 0.205 0.66595 5.01817e-05 0 0.079 
-19.7475 1.10144e+19 218.409 6.07409e-12 -6.07405e-12 2.64363e-06 1.08389e-05 6.57678e-31 0.999987 0 1.10825e-14 1.95915e+35 6.07405e-12 0.05 0.205 0.66595 5.01817e-05 0 0.079 
-19.4949 2.5193e+19 361.918 4.71859e-12 -4.71854e-12 3.40305e-06 1.39525e-05 1.8059e-30 0.999983 0 1.83644e-14 1.52194e+35 4.71854e-12 0.05 0.205 0.66595 5.01817e-05 0 0.079 
-19.2424 4.34446e+19 599.722 3.66558e-12 -3.66554e-12 4.38063e-06 1.79606e-05 4.95875e-30 0.999978 0 3.04309e-14 1.1823e+35 3.66554e-12 0.05 0.205 0.66595 5.01817e-05 0 0.079 
-18.9899 6.69394e+19 993.779 2.84756e-12 -2.84752e-12 5.63903e-06 2.312e-05 1.3616e-29 0.999971 0 5.04258e-14 9.18453e+34 2.84752e-12 0.05 0.205 0.66595 5.01817e-05 0 0.079 
-18.7374 9.71834e+19 1646.76 2.2121e-12 -2.21206e-12 7.2589e-06 2.97615e-05 3.73877e-29 0.999963 0 8.35584e-14 7.13488e+34 2.21206e-12 0.05 0.205 0.66595 5.01817e-05 0 0.079 
-18.4848 1.36115e+20 2728.78 1.71845e-12 -1.71841e-12 9.34408e-06 3.83107e-05 1.02661e-28 0.999952 0 1.38461e-13 5.54264e+34 1.71841e-12 0.05 0.205 0.66595 5.01817e-05 0 0.079 
-18.2323 1.86231e+20 4521.76 1.33496e-12 -1.33492e-12 1.20282e-05 4.93157e-05 2.8189e-28 0.999939 0 2.29436e-13 4.30572e+34 1.33492e-12 0.05 0.205 0.66595 5.01817e-05 0 0.079 
-17.9798 2.50744e+20 7492.82 1.03706e-12 -1.03702e-12 1.54833e-05 6.34816e-05 7.74023e-28 0.999921 0 3.80184e-13 3.34484e+34 1.03702e-12 0.05 0.205 0.66595 5.01817e-05 0 0.079 
-17.7273 3.33788e+20 12416 8.05634e-13 -8.05593e-13 1.99308e-05 8.17162e-05 2.12533e-27 0.999898 0 6.29977e-13 2.59839e+34 8.05593e-13 0.05 0.205 0.66595 5.01817e-05 0 0.079 
-17.4747 4.40687e+20 20574 6.25855e-13 -6.25814e-13 2.56556e-05 0.000105188 5.83572e-27 0.999869 0 1.04388e-12 2.01853e+34 6.25814e-13 0.05 0.205 0.66595 5.01817e-05 0 0.079 
-17.2222 5.78292e+20 34092.2 4.86196e-13 -4.86155e-13 3.30245e-05 0.0001354 1.60236e-26 0.999832 0 1.72972e-12 1.56807e+34 4.86155e-13 0.05 0.205 0.66595 5.01817e-05 0 0.079 
-16.9697 7.55424e+20 56492.1 3.77704e-13 -3.77663e-13 4.25094e-05 0.000174289 4.39966e-26 0.999783 0 2.86613e-12 1.21813e+34 3.77663e-13 0.05 0.205 0.66595 5.01817e-05 0 0.079 
-16.7172 9.83435e+20 93609.5 2.93424e-13 -2.93383e-13 5.47178e-05 0.000224343 1.20802e-25 0.999721 0 4.74909e-12 9.46287e+33 2.93383e-13 0.05 0.205 0.66595 5.01817e-05 0 0.079 
-16.4646 1.27694e+21 155113 2.27951e-13 -2.2791e-13 7.0431e-05 0.000288767 3.31681e-25 0.999641 0 7.86893e-12 7.3511e+33 2.2791e-13 0.05 0.205 0.66595 5.01817e-05 0 0.079 
-16.2121 1.65474e+21 257024 1.7709e-13 -1.77049e-13 9.06545e-05 0.000371684 9.10661e-25 0.999538 0 1.3038e-11 5.7106e+33 1.77049e-13 0.05 0.205 0.66595 5.01817e-05 0 0.079 
-15.9596 2.14104e+21 425888 1.37579e-13 -1.37538e-13 0.000116682 0.000478394 2.50023e-24 0.999405 0 2.1602e-11 4.4362e+33 1.37538e-13 0.05 0.205 0.66595 5.01817e-05 0 0.079 
-15.7071 2.76699e+21 705686 1.06886e-13 -1.06845e-13 0.000150175 0.000615718 6.86416e-24 0.999234 0 3.579e-11 3.44619e+33 1.06845e-13 0.05 0.205 0.66595 5.01817e-05 0 0.079 
-15.4545 3.57269e+21 1.16929e+06 8.30418e-14 -8.30009e-14 0.000193274 0.000792423 1.8844e-23 0.999014 0 5.92934e-11 2.67712e+33 8.30009e-14 0.05 0.205 0.66595 5.01817e-05 0 0.079 
-15.202 4.6097e+21 1.9374e+06 6.45191e-14 -6.44782e-14 0.000248725 0.00101977 5.17287e-23 0.998731 0 9.82254e-11 2.07968e+33 6.44781e-14 0.05 0.205 0.66595 5.01817e-05 0 0.079 
-14.9495 5.94441e+21 3.21002e+06 5.01299e-14 -5.0089e-14 0.000320061 0.00131225 1.41989e-22 0.998368 0 1.62707e-10 1.61557e+33 5.0089e-14 0.05 0.205 0.66595 5.01817e-05 0 0.079 
-14.697 7.66219e+21 5.3184e+06 3.89519e-14 -3.8911e-14 0.000411812 0.00168843 3.89702e-22 0.9979 0 2.6949e-10 1.25502e+33 3.89109e-14 0.05 0.205 0.66595 5.01817e-05 0 0.079 
-14.4444 9.87284e+21 8.81118e+06 3.02684e-14 -3.02275e-14 0.000529795 0.00217216 1.06943e-21 0.997298 0 4.46295e-10 9.74943e+32 3.02274e-14 0.05 0.205 0.66595 5.01817e-05 0 0.079 
-14.1919 1.27176e+22 1.4597e+07 2.35227e-14 -2.34818e-14 0.000681461 0.00279399 2.93424e-21 0.996525 0 7.38968e-10 7.57365e+32 2.34818e-14 0.05 0.205 0.66595 5.01817e-05 0 0.079 
-13.9394 1.63779e+22 2.41801e+07 1.82824e-14 -1.82416e-14 0.00087635 0.00359304 8.04903e-21 0.995531 0 1.2233e-09 5.88343e+32 1.82415e-14 0.05 0.205 0.66595 5.01817e-05 0 0.079 
-13.6869 2.1087e+22 4.0051e+07 1.42116e-14 -1.41707e-14 0.00112665 0.00461928 2.20733e-20 0.994254 0 2.02449e-09 4.5704e+32 1.41706e-14 0.05 0.205 0.66595 5.01817e-05 0 0.079 
-13.4343 2.71445e+22 6.63307e+07 1.10492e-14 -1.10084e-14 0.00144792 0.00593648 6.05108e-20 0.992616 0 3.3492e-09 3.55039e+32 1.10082e-14 0.05 0.205 0.66595 5.01817e-05 0 0.079 
-13.1818 3.49348e+22 1.09837e+08 8.5925e-15 -8.55175e-15 0.00185992 0.00762568 1.65804e-19 0.990514 0 5.5381e-09 2.75801e+32 8.55155e-15 0.05 0.205 0.66595 5.01817e-05 0 0.079 
-12.9293 4.49509e+22 1.81842e+08 6.68406e-15 -6.64336e-15 0.00238772 0.00978965 4.54039e-19 0.987823 0 9.15208e-09 2.14246e+32 6.64311e-15 0.05 0.205 0.66595 5.01817e-05 0 0.079 
-12.6768 5.78244e+22 3.00973e+08 5.20149e-15 -5.16087e-15 0.00306293 0.012558 1.24239e-18 0.984379 0 1.51128e-08 1.66428e+32 5.16055e-15 0.05 0.205 0.66595 5.01817e-05 0 0.079 
-12.4242 7.4363e+22 4.97986e+08 4.04977e-15 -4.00923e-15 0.00392521 0.0160934 3.39621e-18 0.979981 0 2.4931e-08 1.29281e+32 4.00883e-15 0.05 0.205 0.66595 5.01817e-05 0 0.079 
-12.1717 9.55984e+22 8.23615e+08 3.15504e-15 -3.11462e-15 0.00502392 0.0205981 9.27226e-18 0.974378 0 4.10762e-08 1.00424e+32 3.1141e-15 0.05 0.205 0.66595 5.01817e-05 0 0.079 
-11.9192 1.22845e+23 1.36143e+09 2.45995e-15 -2.41968e-15 0.0064199 0.0263216 2.52745e-17 0.967258 0 6.75688e-08 7.80072e+31 2.41902e-15 0.05 0.205 0.66595 5.01817e-05 0 0.079 
-11.6667 1.57773e+23 2.24891e+09 1.91995e-15 -1.87987e-15 0.00818715 0.0335673 6.87539e-17 0.958245 0 1.10923e-07 6.05928e+31 1.87903e-15 0.05 0.205 0.66595 5.01817e-05 0 0.079 
-11.4141 2.02495e+23 3.71166e+09 1.5004e-15 -1.46056e-15 0.0104142 0.0426981 1.86552e-16 0.946888 0 1.81628e-07 4.70647e+31 1.4595e-15 0.05 0.205 0.66595 5.01817e-05 0 0.079 
-11.1616 2.59677e+23 6.11912e+09 1.17443e-15 -1.13488e-15 0.0132044 0.0541381 5.04551e-16 0.932657 0 2.96447e-07 3.65555e+31 1.13355e-15 0.05 0.205 0.66595 5.01817e-05 0 0.079 
-10.9091 3.32657e+23 1.00742e+10 9.21121e-16 -8.81953e-16 0.0166751 0.0683678 1.35914e-15 0.914957 0 4.81911e-07 2.83917e+31 8.80288e-16 0.05 0.205 0.66595 5.01817e-05 0 0.079 
-10.6566 4.2559e+23 1.65571e+10 7.24249e-16 -6.85551e-16 0.0209534 0.0859091 3.64304e-15 0.893137 0 7.79515e-07 2.20498e+31 6.83483e-16 0.05 0.205 0.66595 5.01817e-05 0 0.079 
-10.404 5.43603e+23 2.71538e+10 5.71194e-16 -5.33076e-16 0.0261694 0.107295 9.7054e-15 0.866535 0 1.25324e-06 1.71233e+31 5.30533e-16 0.05 0.205 0.66595 5.01817e-05 0 0.079 
-10.1515 6.9296e+23 4.44164e+10 4.52151e-16 -4.14743e-16 0.0324432 0.133017 2.56658e-14 0.834538 0 2.00002e-06 1.32963e+31 4.11649e-16 0.05 0.205 0.66595 5.01817e-05 0 0.079 
-9.89899 8.81221e+23 7.24235e+10 3.59498e-16 -3.22949e-16 0.0398682 0.16346 6.72772e-14 0.796669 0 3.16378e-06 1.03235e+31 3.19234e-16 0.05 0.205 0.66595 5.01817e-05 0 0.079 
-9.64646 1.11738e+24 1.17645e+11 2.87312e-16 -2.51786e-16 0.0484888 0.198804 1.7454e-13 0.752702 0 4.95328e-06 8.0142e+30 2.47394e-16 0.05 0.205 0.66595 5.01817e-05 0 0.079 
-9.39394 1.41199e+24 1.90254e+11 2.30987e-16 -1.96658e-16 0.058278 0.23894 4.47474e-13 0.702774 0 7.66348e-06 6.22045e+30 1.91558e-16 0.05 0.205 0.66595 5.01817e-05 0 0.079 
-9.14141 1.7772e+24 3.06105e+11 1.86943e-16 -1.53992e-16 0.0691179 0.283383 1.13205e-12 0.647487 0 1.16999e-05 4.8272e+30 1.48186e-16 0.05 0.205 0.66595 5.01817e-05 0 0.079 
-8.88889 2.22678e+24 4.8966e+11 1.524e-16 -1.21e-16 0.0807916 0.331246 2.82262e-12 0.587945 0 1.76047e-05 3.74509e+30 1.14534e-16 0.05 0.205 0.66595 5.01817e-05 0 0.079 
-8.63636 2.77608e+24 7.78312e+11 1.25202e-16 -9.55092e-17 0.0929925 0.381269 6.93018e-12 0.525712 0 2.60843e-05 2.90472e+30 8.84707e-17 0.05 0.205 0.66595 5.01817e-05 0 0.079 
-8.38384 3.44198e+24 1.22869e+12 1.03676e-16 -7.58199e-17 0.105352 0.431941 1.67474e-11 0.462669 0 3.80402e-05 2.25217e+30 6.83394e-17 0.05 0.205 0.66595 5.01817e-05 0 0.079 
-8.13131 4.24287e+24 1.92584e+12 8.65329e-17 -6.06052e-17 0.11748 0.481669 3.98366e-11 0.400797 0 5.46056e-05 1.74552e+30 5.28412e-17 0.05 0.205 0.66595 5.01817e-05 0 0.079 
-7.87879 5.19862e+24 2.99663e+12 7.27786e-17 -4.88291e-17 0.129018 0.528973 9.3321e-11 0.341931 0 7.71957e-05 1.35225e+30 4.09536e-17 0.05 0.205 0.66595 5.01817e-05 0 0.079 
-7.62626 6.33076e+24 4.62918e+12 6.16506e-17 -3.96862e-17 0.139673 0.572658 2.15502e-10 0.287561 0 0.000107578 1.04704e+30 3.18675e-17 0.05 0.205 0.66595 5.01817e-05 0 0.079 
-7.37374 7.66271e+24 7.10127e+12 5.25663e-17 -3.2553e-17 0.149246 0.611907 4.91194e-10 0.238699 0 0.000147974 8.10244e+29 2.49412e-17 0.05 0.205 0.66595 5.01817e-05 0 0.079 
-7.12121 9.22009e+24 1.08217e+13 4.50812e-17 -2.69507e-17 0.157636 0.646308 1.10667e-09 0.195855 0 0.000201192 6.26586e+29 1.96682e-17 0.05 0.205 0.66595 5.01817e-05 0 0.079 
-6.86869 1.10313e+25 1.63907e+13 3.88569e-17 -2.25141e-17 0.164831 0.675807 2.46838e-09 0.159091 0 0.000270809 4.84196e+29 1.5651e-17 0.05 0.205 0.66595 5.01817e-05 0 0.079 
-6.61616 1.31278e+25 2.46884e+13 3.36358e-17 -1.89666e-17 0.170885 0.700627 5.45867e-09 0.128127 0 0.000361408 3.73846e+29 1.25813e-17 0.05 0.205 0.66595 5.01817e-05 0 0.079 
-6.36364 1.55453e+25 3.70037e+13 2.92207e-17 -1.61002e-17 0.175896 0.721173 1.19853e-08 0.102453 0 0.000478873 2.88369e+29 1.02229e-17 0.05 0.205 0.66595 5.01817e-05 0 0.079 
-6.11111 1.83236e+25 5.52225e+13 2.54603e-17 -1.37588e-17 0.179986 0.737943 2.61604e-08 0.0814397 0 0.000630775 2.22195e+29 8.39698e-18 0.05 0.205 0.66595 5.01817e-05 0 0.079 
-5.85859 2.15083e+25 8.21033e+13 2.22375e-17 -1.18258e-17 0.183284 0.751465 5.68253e-08 0.0644245 0 0.000826857 1.70995e+29 6.96952e-18 0.05 0.205 0.66595 5.01817e-05 0 0.079 
-5.60606 2.51507e+25 1.21678e+14 1.94607e-17 -1.02138e-17 0.185913 0.762242 1.22952e-07 0.0507651 0 0.00107966 1.31408e+29 5.84108e-18 0.05 0.205 0.66595 5.01817e-05 0 0.079 
-5.35354 2.93094e+25 1.79841e+14 1.70575e-17 -8.85687e-18 0.187984 0.770735 2.65192e-07 0.0398756 0 0.00140529 1.00825e+29 4.93827e-18 0.05 0.205 0.66595 5.01817e-05 0 0.079 
-5.10101 3.40507e+25 2.652e+14 1.49702e-17 -7.7053e-18 0.189595 0.777338 5.70527e-07 0.0312422 0 0.00182449 7.72177e+28 4.20705e-18 0.05 0.205 0.66595 5.01817e-05 0 0.079 
-4.84848 3.94502e+25 3.9033e+14 1.31519e-17 -6.72102e-18 0.190825 0.782382 1.22489e-06 0.0244276 0 0.00236386 5.9014e+28 3.6077e-18 0.05 0.205 0.66595 5.01817e-05 0 0.079 
-4.59596 4.55935e+25 5.73591e+14 1.15642e-17 -5.87462e-18 0.19174 0.786133 2.62533e-06 0.0190672 0 0.00305752 4.4993e+28 3.1109e-18 0.05 0.205 0.66595 5.01817e-05 0 0.079 
-4.34343 5.25777e+25 8.41785e+14 1.01753e-17 -5.14308e-18 0.192389 0.788794 5.61905e-06 0.0148622 0 0.00394918 3.42076e+28 2.69492e-18 0.05 0.205 0.66595 5.01817e-05 0 0.079 
-4.09091 6.05127e+25 1.23402e+15 8.95856e-18 -4.50813e-18 0.192808 0.790514 1.20121e-05 0.0115707 0 0.00509476 2.59238e+28 2.34353e-18 0.05 0.205 0.66595 5.01817e-05 0 0.079 
-3.83838 6.95229e+25 1.80734e+15 7.89156e-18 -3.95508e-18 0.193022 0.791389 2.56514e-05 0.00899849 0 0.0065656 1.95722e+28 2.0445e-18 0.05 0.205 0.66595 5.01817e-05 0 0.079 
-3.58586 7.97487e+25 2.64493e+15 6.95517e-18 -3.47193e-18 0.19304 0.791462 5.4722e-05 0.00699101 0 0.00845249 1.47118e+28 1.78855e-18 0.05 0.205 0.66595 5.01817e-05 0 0.079 
-3.33333 9.13482e+25 3.86795e+15 6.13302e-18 -3.04874e-18 0.19286 0.790727 0.000116619 0.00542583 0 0.0108705 1.10012e+28 1.56863e-18 0.05 0.205 0.66595 5.01817e-05 0 0.079 
-3.08081 1.04499e+26 5.65285e+15 5.41106e-18 -2.67712e-18 0.192467 0.789114 0.000248252 0.00420638 0 0.0139648 8.17602e+27 1.37941e-18 0.05 0.205 0.66595 5.01817e-05 0 0.079 
-2.82828 1.194e+26 8.25619e+15 4.77721e-18 -2.34981e-18 0.191823 0.786476 0.000527777 0.00325675 0 0.0179164 6.03165e+27 1.21711e-18 0.05 0.205 0.66595 5.01817e-05 0 0.079 
-2.57576 1.3627e+26 1.20504e+16 4.22111e-18 -2.06034e-18 0.190866 0.782549 0.00112018 0.00251733 0 0.0229481 4.41005e+27 1.07949e-18 0.05 0.205 0.66595 5.01817e-05 0 0.079 
-2.32323 1.55353e+26 1.7575e+16 3.73397e-18 -1.80257e-18 0.189482 0.776878 0.00237213 0.00194138 0 0.0293264 3.18908e+27 9.66202e-19 0.05 0.205 0.66595 5.01817e-05 0 0.079 
-2.07071 1.76909e+26 2.56077e+16 3.30858e-18 -1.57012e-18 0.18748 0.768669 0.00500653 0.0014922 0 0.0373522 2.27453e+27 8.79635e-19 0.05 0.205 0.66595 5.01817e-05 0 0.079 
-1.81818 2.01206e+26 3.72622e+16 2.93947e-18 -1.35552e-18 0.184515 0.756512 0.0105105 0.00114086 0 0.0473219 1.59376e+27 8.26469e-19 0.05 0.205 0.66595 5.01817e-05 0 0.079 
-1.56566 2.28496e+26 5.41119e+16 2.6233e-18 -1.1488e-18 0.179971 0.737881 0.0218678 0.000864437 0 0.059416 1.09093e+27 8.20082e-19 0.05 0.205 0.66595 5.01817e-05 0 0.079 
-1.31313 2.58964e+26 7.83234e+16 2.3598e-18 -9.35514e-19 0.172774 0.708374 0.0447809 0.000644673 0 0.0734261 7.23225e+26 8.83184e-19 0.05 0.205 0.66595 5.01817e-05 0 0.079 
-1.06061 2.92613e+26 1.12734e+17 2.15315e-18 -6.94256e-19 0.161216 0.660988 0.0891322 0.000467304 0 0.0881965 4.57968e+26 1.04715e-18 0.05 0.205 0.66595 5.01817e-05 0 0.079 
-0.808081 3.29071e+26 1.60703e+17 2.01397e-18 -3.95804e-19 0.143147 0.586904 0.168818 0.000322332 0 0.100808 2.70407e+26 1.33865e-18 0.05 0.205 0.66595 5.01817e-05 0 0.079 
-0.555556 3.67324e+26 2.25435e+17 1.96078e-18 -8.30781e-21 0.117317 0.481 0.295127 0.000205216 0 0.106351 1.41847e+26 1.74471e-18 0.05 0.205 0.66595 5.01817e-05 0 0.079 
-0.30303 4.05572e+26 3.08657e+17 2.01904e-18 4.88472e-19 0.085952 0.352403 0.461226 0.000116798 0 0.100302 5.79396e+25 2.1873e-18 0.05 0.205 0.66595 5.01817e-05 0 0.079 
-0.0505051 4.41562e+26 4.09324e+17 2.21653e-18 1.09236e-18 0.0554027 0.227151 0.634162 5.84844e-05 0 0.0832251 7.09366e+24 2.58633e-18 0.05 0.205 0.66595 5.01817e-05 0 0.079 
0.20202 4.73392e+26 5.23796e+17 2.57881e-18 1.79286e-18 0.0317956 0.130362 0.776332 2.60739e-05 0 0.0614838 -2.05076e+25 2.96681e-18 0.05 0.205 0.66595 5.01817e-05 0 0.079 
0.454545 5.00153e+26 6.4757e+17 3.1308e-18 2.59876e-18 0.0167582 0.0687086 0.872808 1.06757e-05 0 0.0417149 -3.29767e+25 3.44188e-18 0.05 0.205 0.66595 5.01817e-05 0 0.079 
0.707071 5.21889e+26 7.76911e+17 3.90336e-18 3.54849e-18 0.00837509 0.0343378 0.930447 4.14464e-06 0 0.0268363 -3.64322e+25 4.12125e-18 0.05 0.205 0.66595 5.01817e-05 0 0.079 
0.959596 5.39185e+26 9.09352e+17 4.94023e-18 4.70395e-18 0.00406164 0.0166527 0.962531 1.56145e-06 0 0.0167535 -3.50294e+25 5.08246e-18 0.05 0.205 0.66595 5.01817e-05 0 0.079 
1.21212 5.52791e+26 1.04346e+18 6.30306e-18 6.14472e-18 0.00193831 0.00794707 0.979822 5.78869e-07 0 0.010292 -3.13494e+25 6.39256e-18 0.05 0.205 0.66595 5.01817e-05 0 0.079 
1.46465 5.63432e+26 1.17845e+18 8.0758e-18 7.9685e-18 0.000917243 0.00376069 0.989052 2.128e-07 0 0.00626945 -2.68809e+25 8.13105e-18 0.05 0.205 0.66595 5.01817e-05 0 0.079 
1.71717 5.71728e+26 1.3139e+18 1.03699e-17 1.02962e-17 0.000432153 0.00177183 0.993994 7.78851e-08 0 0.00380236 -2.24202e+25 1.04036e-17 0.05 0.205 0.66595 5.01817e-05 0 0.079 
1.9697 5.78184e+26 1.44961e+18 1.3331e-17 1.32796e-17 0.000203138 0.000832866 0.996663 2.84405e-08 0 0.00230079 -1.83505e+25 1.33515e-17 0.05 0.205 0.66595 5.01817e-05 0 0.079 
2.22222 5.83204e+26 1.58546e+18 1.7148e-17 1.71117e-17 9.53709e-05 0.000391021 0.998123 1.03727e-08 0 0.0013905 -1.48212e+25 1.71605e-17 0.05 0.205 0.66595 5.01817e-05 0 0.079 
2.47475 5.87107e+26 1.72138e+18 2.20652e-17 2.20391e-17 4.47463e-05 0.00018346 0.998932 3.78062e-09 0 0.000839814 -1.18563e+25 2.20728e-17 0.05 0.205 0.66595 5.01817e-05 0 0.079 
2.72727 5.90139e+26 1.85734e+18 2.83975e-17 2.83785e-17 2.09867e-05 8.60453e-05 0.999386 1.37746e-09 0 0.000507037 -9.41766e+24 2.84021e-17 0.05 0.205 0.66595 5.01817e-05 0 0.079 
2.9798 5.92495e+26 1.99333e+18 3.65506e-17 3.65367e-17 9.84111e-06 4.03486e-05 0.999644 5.01775e-10 0 0.000306063 -7.4413e+24 3.65533e-17 0.05 0.205 0.66595 5.01817e-05 0 0.079 
3.23232 5.94326e+26 2.12933e+18 4.70471e-17 4.70367e-17 4.61421e-06 1.89183e-05 0.999792 1.82765e-10 0 0.000184729 -5.8564e+24 4.70487e-17 0.05 0.205 0.66595 5.01817e-05 0 0.079 
3.48485 5.95748e+26 2.26534e+18 6.05598e-17 6.0552e-17 2.16334e-06 8.86968e-06 0.999877 6.65654e-11 0 0.000111489 -4.59522e+24 6.05608e-17 0.05 0.205 0.66595 5.01817e-05 0 0.079 
3.73737 5.96852e+26 2.40135e+18 7.7955e-17 7.79491e-17 1.01423e-06 4.15833e-06 0.999928 2.42431e-11 0 6.72841e-05 -3.59737e+24 7.79556e-17 0.05 0.205 0.66595 5.01817e-05 0 0.079 
3.9899 5.97711e+26 2.53736e+18 1.00348e-16 1.00343e-16 4.75485e-07 1.94949e-06 0.999957 8.82918e-12 0 4.06055e-05 -2.81125e+24 1.00348e-16 0.05 0.205 0.66595 5.01817e-05 0 0.079 
4.24242 5.98377e+26 2.67338e+18 1.29174e-16 1.2917e-16 2.22912e-07 9.13938e-07 0.999974 3.21549e-12 0 2.45048e-05 -2.19396e+24 1.29174e-16 0.05 0.205 0.66595 5.01817e-05 0 0.079 
4.49495 5.98895e+26 2.80939e+18 1.66281e-16 1.66278e-16 1.04502e-07 4.2846e-07 0.999985 1.17103e-12 0 1.47882e-05 -1.71043e+24 1.66281e-16 0.05 0.205 0.66595 5.01817e-05 0 0.079 
4.74747 5.99298e+26 2.94541e+18 2.14048e-16 2.14046e-16 4.89912e-08 2.00864e-07 0.999991 4.26473e-13 0 8.92437e-06 -1.3324e+24 2.14048e-16 0.05 0.205 0.66595 5.01817e-05 0 0.079 
5 5.9961e+26 3.08143e+18 2.75538e-16 2.75536e-16 2.29672e-08 9.41657e-08 0.999994 1.55314e-13 0 5.38565e-06 -1.03727e+24 2.75538e-16 0.05 0.205 0.66595 5.01817e-05 0 0.079 
