7.46269e-05 350.531 
0.000223905 1011.14 
0.000373184 1652.73 
0.000522463 2281.84 
0.000671741 2900.84 
0.00082102 3510.95 
0.000970299 4112.79 
0.00111958 4706.63 
0.00126886 5292.68 
0.00141813 5871.11 
0.00156741 6442.08 
0.00171669 7005.68 
0.00186597 7561.98 
0.00201525 8111.07 
0.00216453 8653.01 
0.00231381 9187.88 
0.00246308 9715.73 
0.00261236 10236.6 
0.00276164 10750.6 
0.00291092 11257.8 
0.0030602 11758.1 
0.00320948 12251.7 
0.00335876 12738.7 
0.00350804 13219 
0.00365731 13692.7 
0.00380659 14159.9 
0.00395587 14620.7 
0.00410515 15075 
0.00425443 15522.9 
0.00440371 15964.5 
0.00455299 16399.9 
0.00470226 16829 
0.00485154 17251.9 
0.00500082 17668.7 
0.0051501 18079.4 
0.00529938 18484.1 
0.00544866 18882.7 
0.00559794 19275.4 
0.00574721 19662.2 
0.00589649 20043.1 
0.00604577 20418.1 
0.00619505 20787.4 
0.00634433 21150.9 
0.00649361 21508.7 
0.00664289 21860.8 
0.00679216 22207.3 
0.00694144 22548.2 
0.00709072 22883.5 
0.00724 23213.3 
0.00738928 23537.6 
0.00753856 23856.5 
0.00768784 24170 
0.00783711 24478 
0.00798639 24780.8 
0.00813567 25078.2 
0.00828495 25370.3 
0.00843423 25657.3 
0.00858351 25939 
0.00873279 26215.5 
0.00888207 26486.9 
0.00903134 26753.2 
0.00918062 27014.5 
0.0093299 27270.7 
0.00947918 27521.9 
0.00962846 27768.2 
0.00977774 28009.5 
0.00992702 28245.9 
0.0100763 28477.5 
0.0102256 28704.2 
0.0103749 28926.1 
0.0105241 29143.3 
0.0106734 29355.8 
0.0108227 29563.5 
0.010972 29766.6 
0.0111212 29965.1 
0.0112705 30159 
0.0114198 30348.3 
0.0115691 30533.1 
0.0117184 30713.4 
0.0118676 30889.3 
0.0120169 31060.8 
0.0121662 31227.8 
0.0123155 31390.6 
0.0124648 31549 
0.012614 31703.1 
0.0127633 31853 
0.0129126 31998.7 
0.0130619 32140.2 
0.0132111 32277.6 
0.0133604 32410.9 
0.0135097 32540.1 
0.013659 32665.3 
0.0138083 32786.6 
0.0139575 32903.8 
0.0141068 33017.2 
0.0142561 33126.7 
0.0144054 33232.3 
0.0145547 33334.2 
0.0147039 33432.3 
0.0148532 33526.6 
0.0150025 33617.3 
0.0151518 33704.3 
0.015301 33787.8 
0.0154503 33867.6 
0.0155996 33943.9 
0.0157489 34016.8 
0.0158982 34086.1 
0.0160474 34152.1 
0.0161967 34214.7 
0.016346 34273.9 
0.0164953 34329.9 
0.0166446 34382.6 
0.0167938 34432 
0.0169431 34478.3 
0.0170924 34521.5 
0.0172417 34561.6 
0.0173909 34598.6 
0.0175402 34632.6 
0.0176895 34663.6 
0.0178388 34691.7 
0.0179881 34716.9 
0.0181373 34739.2 
0.0182866 34758.7 
0.0184359 34775.4 
0.0185852 34789.4 
0.0187345 34800.8 
0.0188837 34809.4 
0.019033 34815.5 
0.0191823 34818.9 
0.0193316 34819.9 
0.0194808 34818.3 
0.0196301 34814.3 
0.0197794 34807.9 
0.0199287 34799.1 
0.020078 34788 
0.0202272 34774.6 
0.0203765 34759 
0.0205258 34741.1 
0.0206751 34721.1 
0.0208244 34698.9 
0.0209736 34674.6 
0.0211229 34648.3 
0.0212722 34620 
0.0214215 34589.7 
0.0215707 34557.5 
0.02172 34523.3 
0.0218693 34487.4 
0.0220186 34449.6 
0.0221679 34410 
0.0223171 34368.7 
0.0224664 34325.6 
0.0226157 34280.9 
0.022765 34234.6 
0.0229143 34186.7 
0.0230635 34137.3 
0.0232128 34086.3 
0.0233621 34033.8 
0.0235114 33980 
0.0236606 33924.7 
0.0238099 33868 
0.0239592 33810 
0.0241085 33750.7 
0.0242578 33690.1 
0.024407 33628.3 
0.0245563 33565.3 
0.0247056 33501.2 
0.0248549 33435.9 
0.0250042 33369.6 
0.0251534 33302.2 
0.0253027 33233.7 
0.025452 33164.3 
0.0256013 33093.9 
0.0257505 33022.6 
0.0258998 32950.4 
0.0260491 32877.4 
0.0261984 32803.5 
0.0263477 32728.8 
0.0264969 32653.3 
0.0266462 32577.1 
0.0267955 32500.2 
0.0269448 32422.6 
0.0270941 32344.4 
0.0272433 32265.5 
0.0273926 32186.1 
0.0275419 32106.1 
0.0276912 32025.6 
0.0278404 31944.5 
0.0279897 31863 
0.028139 31781 
0.0282883 31698.6 
0.0284376 31615.8 
0.0285868 31532.6 
0.0287361 31449.1 
0.0288854 31365.3 
0.0290347 31281.1 
0.029184 31196.7 
0.0293332 31112 
0.0294825 31027.1 
0.0296318 30942 
0.0297811 30856.7 
0.0299303 30771.3 
0.0300796 30685.7 
0.0302289 30600 
0.0303782 30514.3 
0.0305275 30428.4 
0.0306767 30342.5 
0.030826 30256.5 
0.0309753 30170.6 
0.0311246 30084.6 
0.0312739 29998.7 
0.0314231 29912.8 
0.0315724 29827 
0.0317217 29741.2 
0.031871 29655.6 
0.0320203 29570 
0.0321695 29484.6 
0.0323188 29399.4 
0.0324681 29314.3 
0.0326174 29229.4 
0.0327666 29144.7 
0.0329159 29060.2 
0.0330652 28976 
0.0332145 28892 
0.0333638 28808.2 
0.033513 28724.7 
0.0336623 28641.4 
0.0338116 28558.5 
0.0339609 28475.8 
0.0341102 28393.5 
0.0342594 28311.5 
0.0344087 28229.8 
0.034558 28148.5 
0.0347073 28067.6 
0.0348565 27987 
0.0350058 27906.8 
0.0351551 27827 
0.0353044 27747.7 
0.0354537 27668.7 
0.0356029 27590.2 
0.0357522 27512 
0.0359015 27434.4 
0.0360508 27357.1 
0.0362001 27280.3 
0.0363493 27204 
0.0364986 27128.2 
0.0366479 27052.8 
0.0367972 26977.8 
0.0369464 26903.4 
0.0370957 26829.5 
0.037245 26756 
0.0373943 26683 
0.0375436 26610.6 
0.0376928 26538.7 
0.0378421 26467.2 
0.0379914 26396.3 
0.0381407 26326 
0.03829 26256.1 
0.0384392 26186.8 
0.0385885 26118.1 
0.0387378 26049.9 
0.0388871 25982.2 
0.0390363 25915 
0.0391856 25848.4 
0.0393349 25782.4 
0.0394842 25716.9 
0.0396335 25651.9 
0.0397827 25587.5 
0.039932 25523.7 
0.0400813 25460.4 
0.0402306 25397.6 
0.0403799 25335.4 
0.0405291 25273.7 
0.0406784 25212.6 
0.0408277 25152.1 
0.040977 25092.1 
0.0411262 25032.6 
0.0412755 24973.7 
0.0414248 24915.4 
0.0415741 24857.6 
0.0417234 24800.3 
0.0418726 24743.6 
0.0420219 24687.5 
0.0421712 24631.9 
0.0423205 24576.8 
0.0424698 24522.3 
0.042619 24468.3 
0.0427683 24414.8 
0.0429176 24361.9 
0.0430669 24309.5 
0.0432161 24257.6 
0.0433654 24206.2 
0.0435147 24155.4 
0.043664 24105 
0.0438133 24055.2 
0.0439625 24005.9 
0.0441118 23957 
0.0442611 23908.7 
0.0444104 23860.8 
0.0445597 23813.5 
0.0447089 23766.6 
0.0448582 23720.2 
0.0450075 23674.3 
0.0451568 23628.8 
0.045306 23583.8 
0.0454553 23539.3 
0.0456046 23495.3 
0.0457539 23451.6 
0.0459032 23408.5 
0.0460524 23365.7 
0.0462017 23323.4 
0.046351 23281.6 
0.0465003 23240.1 
0.0466496 23199.1 
0.0467988 23158.5 
0.0469481 23118.3 
0.0470974 23078.5 
0.0472467 23039 
0.0473959 23000 
0.0475452 22961.4 
0.0476945 22923.1 
0.0478438 22885.2 
0.0479931 22847.6 
0.0481423 22810.4 
0.0482916 22773.6 
0.0484409 22737.1 
0.0485902 22700.9 
0.0487395 22665.1 
0.0488887 22629.5 
0.049038 22594.3 
0.0491873 22559.4 
0.0493366 22524.8 
0.0494858 22490.5 
0.0496351 22456.5 
0.0497844 22422.7 
0.0499337 22389.3 
0.050083 22356.1 
0.0502322 22323.1 
0.0503815 22290.4 
0.0505308 22258 
0.0506801 22225.8 
0.0508294 22193.8 
0.0509786 22162 
0.0511279 22130.5 
0.0512772 22099.2 
0.0514265 22068.1 
0.0515757 22037.2 
0.051725 22006.4 
0.0518743 21975.9 
0.0520236 21945.5 
0.0521729 21915.4 
0.0523221 21885.3 
0.0524714 21855.5 
0.0526207 21825.8 
0.05277 21796.2 
0.0529193 21766.8 
0.0530685 21737.4 
0.0532178 21708.3 
0.0533671 21679.2 
0.0535164 21650.2 
0.0536656 21621.3 
0.0538149 21592.6 
0.0539642 21563.9 
0.0541135 21535.2 
0.0542628 21506.7 
0.054412 21478.2 
0.0545613 21449.7 
0.0547106 21421.4 
0.0548599 21393 
0.0550092 21364.7 
0.0551584 21336.4 
0.0553077 21308.2 
0.055457 21279.9 
0.0556063 21251.7 
0.0557556 21223.5 
0.0559048 21195.3 
0.0560541 21167.1 
0.0562034 21139 
0.0563527 21110.8 
0.0565019 21082.5 
0.0566512 21054.3 
0.0568005 21026 
0.0569498 20997.7 
0.0570991 20969.4 
0.0572483 20941 
0.0573976 20912.6 
0.0575469 20884.1 
0.0576962 20855.6 
0.0578455 20827 
0.0579947 20798.3 
0.058144 20769.5 
0.0582933 20740.7 
0.0584426 20711.8 
0.0585918 20682.8 
0.0587411 20653.6 
0.0588904 20624.4 
0.0590397 20595.1 
0.059189 20565.6 
0.0593382 20536.1 
0.0594875 20506.3 
0.0596368 20476.5 
0.0597861 20446.5 
0.0599354 20416.4 
0.0600846 20386.2 
0.0602339 20355.8 
0.0603832 20325.3 
0.0605325 20294.6 
0.0606817 20263.8 
0.060831 20232.8 
0.0609803 20201.7 
0.0611296 20170.4 
0.0612789 20139 
0.0614281 20107.4 
0.0615774 20075.7 
0.0617267 20043.8 
0.061876 20011.7 
0.0620253 19979.5 
0.0621745 19947.1 
0.0623238 19914.5 
0.0624731 19881.7 
0.0626224 19848.8 
0.0627716 19815.7 
0.0629209 19782.5 
0.0630702 19749 
0.0632195 19715.4 
0.0633688 19681.5 
0.063518 19647.5 
0.0636673 19613.3 
0.0638166 19578.9 
0.0639659 19544.3 
0.0641152 19509.5 
0.0642644 19474.6 
0.0644137 19439.4 
0.064563 19404 
0.0647123 19368.4 
0.0648615 19332.6 
0.0650108 19296.5 
0.0651601 19260.3 
0.0653094 19223.9 
0.0654587 19187.3 
0.0656079 19150.4 
0.0657572 19113.4 
0.0659065 19076.2 
0.0660558 19038.7 
0.0662051 19001.1 
0.0663543 18963.3 
0.0665036 18925.3 
0.0666529 18887.1 
0.0668022 18848.7 
0.0669514 18810.1 
0.0671007 18771.4 
0.06725 18732.4 
0.0673993 18693.3 
0.0675486 18654 
0.0676978 18614.5 
0.0678471 18574.8 
0.0679964 18535 
0.0681457 18495 
0.068295 18454.8 
0.0684442 18414.5 
0.0685935 18374 
0.0687428 18333.3 
0.0688921 18292.4 
0.0690413 18251.4 
0.0691906 18210.3 
0.0693399 18169 
0.0694892 18127.5 
0.0696385 18085.8 
0.0697877 18044 
0.069937 18002.1 
0.0700863 17960 
0.0702356 17917.8 
0.0703849 17875.4 
0.0705341 17832.8 
0.0706834 17790.2 
0.0708327 17747.3 
0.070982 17704.4 
0.0711312 17661.3 
0.0712805 17618.1 
0.0714298 17574.7 
0.0715791 17531.2 
0.0717284 17487.7 
0.0718776 17444 
0.0720269 17400.2 
0.0721762 17356.2 
0.0723255 17312.2 
0.0724748 17268.1 
0.072624 17223.9 
0.0727733 17179.6 
0.0729226 17135.3 
0.0730719 17090.8 
0.0732211 17046.3 
0.0733704 17001.7 
0.0735197 16957 
0.073669 16912.3 
0.0738183 16867.5 
0.0739675 16822.6 
0.0741168 16777.8 
0.0742661 16732.8 
0.0744154 16687.8 
0.0745647 16642.8 
0.0747139 16597.8 
0.0748632 16552.7 
0.0750125 16507.6 
0.0751618 16462.4 
0.075311 16417.3 
0.0754603 16372.1 
0.0756096 16326.9 
0.0757589 16281.8 
0.0759082 16236.6 
0.0760574 16191.4 
0.0762067 16146.2 
0.076356 16101.1 
0.0765053 16055.9 
0.0766546 16010.8 
0.0768038 15965.7 
0.0769531 15920.6 
0.0771024 15875.5 
0.0772517 15830.5 
0.0774009 15785.5 
0.0775502 15740.6 
0.0776995 15695.7 
0.0778488 15650.9 
0.0779981 15606.1 
0.0781473 15561.3 
0.0782966 15516.7 
0.0784459 15472 
0.0785952 15427.5 
0.0787445 15383 
0.0788937 15338.6 
0.079043 15294.3 
0.0791923 15250.1 
0.0793416 15206 
0.0794909 15161.9 
0.0796401 15118 
0.0797894 15074.1 
0.0799387 15030.3 
0.080088 14986.7 
0.0802372 14943.1 
0.0803865 14899.7 
0.0805358 14856.4 
0.0806851 14813.2 
0.0808344 14770.1 
0.0809836 14727.2 
0.0811329 14684.4 
0.0812822 14641.7 
0.0814315 14599.2 
0.0815808 14556.8 
0.08173 14514.6 
0.0818793 14472.5 
0.0820286 14430.5 
0.0821779 14388.7 
0.0823271 14347.1 
0.0824764 14305.6 
0.0826257 14264.3 
0.082775 14223.2 
0.0829243 14182.2 
0.0830735 14141.4 
0.0832228 14100.8 
0.0833721 14060.4 
0.0835214 14020.2 
0.0836707 13980.1 
0.0838199 13940.3 
0.0839692 13900.6 
0.0841185 13861.2 
0.0842678 13821.9 
0.084417 13782.9 
0.0845663 13744 
0.0847156 13705.4 
0.0848649 13667 
0.0850142 13628.8 
0.0851634 13590.8 
0.0853127 13553 
0.085462 13515.5 
0.0856113 13478.1 
0.0857606 13441 
0.0859098 13404.1 
0.0860591 13367.4 
0.0862084 13330.9 
0.0863577 13294.6 
0.0865069 13258.6 
0.0866562 13222.8 
0.0868055 13187.2 
0.0869548 13151.9 
0.0871041 13116.7 
0.0872533 13081.8 
0.0874026 13047.1 
0.0875519 13012.7 
0.0877012 12978.5 
0.0878505 12944.5 
0.0879997 12910.7 
0.088149 12877.2 
0.0882983 12843.9 
0.0884476 12810.8 
0.0885968 12778 
0.0887461 12745.4 
0.0888954 12713.1 
0.0890447 12681 
0.089194 12649.1 
0.0893432 12617.5 
0.0894925 12586.1 
0.0896418 12554.9 
0.0897911 12524 
0.0899404 12493.4 
0.0900896 12462.9 
0.0902389 12432.8 
0.0903882 12402.8 
0.0905375 12373.2 
0.0906867 12343.7 
0.090836 12314.5 
0.0909853 12285.6 
0.0911346 12256.9 
0.0912839 12228.5 
0.0914331 12200.3 
0.0915824 12172.4 
0.0917317 12144.7 
0.091881 12117.3 
0.0920303 12090.1 
0.0921795 12063.2 
0.0923288 12036.6 
0.0924781 12010.2 
0.0926274 11984.1 
0.0927766 11958.2 
0.0929259 11932.5 
0.0930752 11907.1 
0.0932245 11882 
0.0933738 11857.1 
0.093523 11832.4 
0.0936723 11808 
0.0938216 11783.8 
0.0939709 11759.8 
0.0941202 11736.1 
0.0942694 11712.6 
0.0944187 11689.4 
0.094568 11666.4 
0.0947173 11643.6 
0.0948665 11621 
0.0950158 11598.7 
0.0951651 11576.5 
0.0953144 11554.6 
0.0954637 11532.9 
0.0956129 11511.5 
0.0957622 11490.2 
0.0959115 11469.2 
0.0960608 11448.3 
0.0962101 11427.7 
0.0963593 11407.3 
0.0965086 11387.1 
0.0966579 11367.1 
0.0968072 11347.3 
0.0969564 11327.7 
0.0971057 11308.3 
0.097255 11289.1 
0.0974043 11270.1 
0.0975536 11251.3 
0.0977028 11232.7 
0.0978521 11214.3 
0.0980014 11196 
0.0981507 11178 
0.0983 11160.1 
0.0984492 11142.4 
0.0985985 11125 
0.0987478 11107.6 
0.0988971 11090.5 
0.0990463 11073.5 
0.0991956 11056.8 
0.0993449 11040.2 
0.0994942 11023.7 
0.0996435 11007.5 
0.0997927 10991.4 
0.099942 10975.4 
0.100091 10959.7 
0.100241 10944.1 
0.10039 10928.6 
0.100539 10913.4 
0.100688 10898.2 
0.100838 10883.3 
0.100987 10868.5 
0.101136 10853.8 
0.101286 10839.3 
0.101435 10824.9 
0.101584 10810.7 
0.101733 10796.6 
0.101883 10782.7 
0.102032 10768.9 
0.102181 10755.2 
0.10233 10741.6 
0.10248 10728.2 
0.102629 10714.9 
0.102778 10701.7 
0.102928 10688.6 
0.103077 10675.7 
0.103226 10662.9 
0.103375 10650.1 
0.103525 10637.5 
0.103674 10625 
0.103823 10612.6 
0.103973 10600.3 
0.104122 10588.1 
0.104271 10576 
0.10442 10563.9 
0.10457 10552 
0.104719 10540.1 
0.104868 10528.4 
0.105017 10516.7 
0.105167 10505.1 
0.105316 10493.5 
0.105465 10482.1 
0.105615 10470.7 
0.105764 10459.3 
0.105913 10448.1 
0.106062 10436.9 
0.106212 10425.7 
0.106361 10414.6 
0.10651 10403.6 
0.10666 10392.6 
0.106809 10381.7 
0.106958 10370.8 
0.107107 10359.9 
0.107257 10349.1 
0.107406 10338.4 
0.107555 10327.6 
0.107705 10316.9 
0.107854 10306.2 
0.108003 10295.6 
0.108152 10285 
0.108302 10274.3 
0.108451 10263.8 
0.1086 10253.2 
0.108749 10242.6 
0.108899 10232 
0.109048 10221.5 
0.109197 10211 
0.109347 10200.4 
0.109496 10189.9 
0.109645 10179.3 
0.109794 10168.7 
0.109944 10158.2 
0.110093 10147.6 
0.110242 10137 
0.110392 10126.4 
0.110541 10115.8 
0.11069 10105.1 
0.110839 10094.5 
0.110989 10083.8 
0.111138 10073.1 
0.111287 10062.4 
0.111436 10051.6 
0.111586 10040.9 
0.111735 10030.1 
0.111884 10019.3 
0.112034 10008.4 
0.112183 9997.57 
0.112332 9986.67 
0.112481 9975.74 
0.112631 9964.78 
0.11278 9953.79 
0.112929 9942.76 
0.113079 9931.69 
0.113228 9920.58 
0.113377 9909.44 
0.113526 9898.26 
0.113676 9887.04 
0.113825 9875.77 
0.113974 9864.46 
0.114123 9853.11 
0.114273 9841.7 
0.114422 9830.26 
0.114571 9818.76 
0.114721 9807.21 
0.11487 9795.62 
0.115019 9783.97 
0.115168 9772.26 
0.115318 9760.5 
0.115467 9748.69 
0.115616 9736.82 
0.115766 9724.88 
0.115915 9712.89 
0.116064 9700.84 
0.116213 9688.73 
0.116363 9676.55 
0.116512 9664.3 
0.116661 9652 
0.116811 9639.62 
0.11696 9627.17 
0.117109 9614.66 
0.117258 9602.07 
0.117408 9589.41 
0.117557 9576.68 
0.117706 9563.87 
0.117855 9550.99 
0.118005 9538.03 
0.118154 9524.99 
0.118303 9511.87 
0.118453 9498.67 
0.118602 9485.39 
0.118751 9472.02 
0.1189 9458.57 
0.11905 9445.03 
0.119199 9431.41 
0.119348 9417.7 
0.119498 9403.9 
0.119647 9390 
0.119796 9376.02 
0.119945 9361.94 
0.120095 9347.77 
0.120244 9333.51 
0.120393 9319.16 
0.120542 9304.71 
0.120692 9290.18 
0.120841 9275.57 
0.12099 9260.86 
0.12114 9246.08 
0.121289 9231.2 
0.121438 9216.25 
0.121587 9201.22 
0.121737 9186.1 
0.121886 9170.91 
0.122035 9155.64 
0.122185 9140.29 
0.122334 9124.87 
0.122483 9109.37 
0.122632 9093.8 
0.122782 9078.16 
0.122931 9062.45 
0.12308 9046.67 
0.123229 9030.82 
0.123379 9014.9 
0.123528 8998.92 
0.123677 8982.87 
0.123827 8966.76 
0.123976 8950.59 
0.124125 8934.35 
0.124274 8918.06 
0.124424 8901.7 
0.124573 8885.29 
0.124722 8868.82 
0.124872 8852.3 
0.125021 8835.72 
0.12517 8819.09 
0.125319 8802.41 
0.125469 8785.67 
0.125618 8768.89 
0.125767 8752.06 
0.125916 8735.18 
0.126066 8718.26 
0.126215 8701.29 
0.126364 8684.27 
0.126514 8667.22 
0.126663 8650.12 
0.126812 8632.98 
0.126961 8615.81 
0.127111 8598.59 
0.12726 8581.34 
0.127409 8564.05 
0.127559 8546.73 
0.127708 8529.38 
0.127857 8511.99 
0.128006 8494.57 
0.128156 8477.13 
0.128305 8459.65 
0.128454 8442.15 
0.128604 8424.62 
0.128753 8407.06 
0.128902 8389.48 
0.129051 8371.88 
0.129201 8354.25 
0.12935 8336.61 
0.129499 8318.94 
0.129648 8301.26 
0.129798 8283.56 
0.129947 8265.84 
0.130096 8248.11 
0.130246 8230.36 
0.130395 8212.6 
0.130544 8194.83 
0.130693 8177.05 
0.130843 8159.26 
0.130992 8141.46 
0.131141 8123.65 
0.131291 8105.84 
0.13144 8088.02 
0.131589 8070.2 
0.131738 8052.38 
0.131888 8034.56 
0.132037 8016.75 
0.132186 7998.93 
0.132335 7981.12 
0.132485 7963.32 
0.132634 7945.52 
0.132783 7927.73 
0.132933 7909.96 
0.133082 7892.19 
0.133231 7874.44 
0.13338 7856.71 
0.13353 7838.99 
0.133679 7821.28 
0.133828 7803.6 
0.133978 7785.93 
0.134127 7768.29 
0.134276 7750.67 
0.134425 7733.08 
0.134575 7715.51 
0.134724 7697.97 
0.134873 7680.46 
0.135022 7662.98 
0.135172 7645.53 
0.135321 7628.11 
0.13547 7610.73 
0.13562 7593.38 
0.135769 7576.07 
0.135918 7558.8 
0.136067 7541.56 
0.136217 7524.37 
0.136366 7507.22 
0.136515 7490.12 
0.136665 7473.06 
0.136814 7456.04 
0.136963 7439.08 
0.137112 7422.16 
0.137262 7405.29 
0.137411 7388.48 
0.13756 7371.72 
0.13771 7355.01 
0.137859 7338.36 
0.138008 7321.76 
0.138157 7305.23 
0.138307 7288.75 
0.138456 7272.33 
0.138605 7255.98 
0.138754 7239.69 
0.138904 7223.46 
0.139053 7207.3 
0.139202 7191.21 
0.139352 7175.19 
0.139501 7159.23 
0.13965 7143.35 
0.139799 7127.54 
0.139949 7111.8 
0.140098 7096.14 
0.140247 7080.55 
0.140397 7065.04 
0.140546 7049.61 
0.140695 7034.26 
0.140844 7018.99 
0.140994 7003.81 
0.141143 6988.7 
0.141292 6973.69 
0.141441 6958.75 
0.141591 6943.91 
0.14174 6929.15 
0.141889 6914.49 
0.142039 6899.91 
0.142188 6885.43 
0.142337 6871.04 
0.142486 6856.74 
0.142636 6842.54 
0.142785 6828.44 
0.142934 6814.43 
0.143084 6800.53 
0.143233 6786.72 
0.143382 6773.01 
0.143531 6759.4 
0.143681 6745.88 
0.14383 6732.46 
0.143979 6719.14 
0.144128 6705.91 
0.144278 6692.78 
0.144427 6679.75 
0.144576 6666.8 
0.144726 6653.96 
0.144875 6641.2 
0.145024 6628.54 
0.145173 6615.97 
0.145323 6603.49 
0.145472 6591.11 
0.145621 6578.82 
0.145771 6566.62 
0.14592 6554.51 
0.146069 6542.49 
0.146218 6530.56 
0.146368 6518.72 
0.146517 6506.97 
0.146666 6495.31 
0.146816 6483.73 
0.146965 6472.25 
0.147114 6460.85 
0.147263 6449.54 
0.147413 6438.32 
0.147562 6427.18 
0.147711 6416.13 
0.14786 6405.16 
0.14801 6394.29 
0.148159 6383.49 
0.148308 6372.78 
0.148458 6362.16 
0.148607 6351.61 
0.148756 6341.16 
0.148905 6330.78 
0.149055 6320.49 
0.149204 6310.28 
0.149353 6300.15 
0.149503 6290.1 
0.149652 6280.14 
0.149801 6270.26 
0.14995 6260.45 
0.1501 6250.73 
0.150249 6241.08 
0.150398 6231.52 
0.150547 6222.03 
0.150697 6212.63 
0.150846 6203.3 
0.150995 6194.05 
0.151145 6184.88 
0.151294 6175.78 
0.151443 6166.76 
0.151592 6157.82 
0.151742 6148.96 
0.151891 6140.17 
0.15204 6131.45 
0.15219 6122.81 
0.152339 6114.25 
0.152488 6105.76 
0.152637 6097.34 
0.152787 6089 
0.152936 6080.73 
0.153085 6072.53 
0.153234 6064.41 
0.153384 6056.36 
0.153533 6048.38 
0.153682 6040.47 
0.153832 6032.63 
0.153981 6024.87 
0.15413 6017.17 
0.154279 6009.55 
0.154429 6001.99 
0.154578 5994.51 
0.154727 5987.09 
0.154877 5979.75 
0.155026 5972.47 
0.155175 5965.26 
0.155324 5958.11 
0.155474 5951.04 
0.155623 5944.03 
0.155772 5937.09 
0.155922 5930.22 
0.156071 5923.41 
0.15622 5916.67 
0.156369 5909.99 
0.156519 5903.37 
0.156668 5896.82 
0.156817 5890.33 
0.156966 5883.9 
0.157116 5877.53 
0.157265 5871.21 
0.157414 5864.96 
0.157564 5858.76 
0.157713 5852.61 
0.157862 5846.52 
0.158011 5840.48 
0.158161 5834.5 
0.15831 5828.56 
0.158459 5822.68 
0.158609 5816.84 
0.158758 5811.05 
0.158907 5805.31 
0.159056 5799.62 
0.159206 5793.97 
0.159355 5788.36 
0.159504 5782.8 
0.159653 5777.27 
0.159803 5771.79 
0.159952 5766.35 
0.160101 5760.94 
0.160251 5755.58 
0.1604 5750.25 
0.160549 5744.95 
0.160698 5739.69 
0.160848 5734.47 
0.160997 5729.27 
0.161146 5724.11 
0.161296 5718.98 
0.161445 5713.88 
0.161594 5708.8 
0.161743 5703.75 
0.161893 5698.73 
0.162042 5693.74 
0.162191 5688.76 
0.16234 5683.82 
0.16249 5678.89 
0.162639 5673.98 
0.162788 5669.1 
0.162938 5664.23 
0.163087 5659.38 
0.163236 5654.55 
0.163385 5649.74 
0.163535 5644.94 
0.163684 5640.15 
0.163833 5635.38 
0.163983 5630.62 
0.164132 5625.87 
0.164281 5621.12 
0.16443 5616.39 
0.16458 5611.67 
0.164729 5606.95 
0.164878 5602.24 
0.165027 5597.53 
0.165177 5592.83 
0.165326 5588.12 
0.165475 5583.42 
0.165625 5578.73 
0.165774 5574.03 
0.165923 5569.32 
0.166072 5564.62 
0.166222 5559.91 
0.166371 5555.2 
0.16652 5550.48 
0.16667 5545.76 
0.166819 5541.02 
0.166968 5536.28 
0.167117 5531.53 
0.167267 5526.77 
0.167416 5522 
0.167565 5517.21 
0.167715 5512.41 
0.167864 5507.59 
0.168013 5502.76 
0.168162 5497.91 
0.168312 5493.05 
0.168461 5488.16 
0.16861 5483.26 
0.168759 5478.33 
0.168909 5473.38 
0.169058 5468.41 
0.169207 5463.41 
0.169357 5458.39 
0.169506 5453.34 
0.169655 5448.26 
0.169804 5443.16 
0.169954 5438.03 
0.170103 5432.86 
0.170252 5427.67 
0.170402 5422.44 
0.170551 5417.18 
0.1707 5411.89 
0.170849 5406.56 
0.170999 5401.2 
0.171148 5395.81 
0.171297 5390.39 
0.171446 5384.94 
0.171596 5379.45 
0.171745 5373.94 
0.171894 5368.39 
0.172044 5362.81 
0.172193 5357.2 
0.172342 5351.56 
0.172491 5345.89 
0.172641 5340.19 
0.17279 5334.46 
0.172939 5328.7 
0.173089 5322.91 
0.173238 5317.09 
0.173387 5311.24 
0.173536 5305.36 
0.173686 5299.45 
0.173835 5293.52 
0.173984 5287.55 
0.174133 5281.56 
0.174283 5275.54 
0.174432 5269.48 
0.174581 5263.41 
0.174731 5257.3 
0.17488 5251.17 
0.175029 5245.01 
0.175178 5238.82 
0.175328 5232.6 
0.175477 5226.36 
0.175626 5220.09 
0.175776 5213.8 
0.175925 5207.48 
0.176074 5201.13 
0.176223 5194.76 
0.176373 5188.36 
0.176522 5181.94 
0.176671 5175.49 
0.176821 5169.01 
0.17697 5162.51 
0.177119 5155.99 
0.177268 5149.44 
0.177418 5142.87 
0.177567 5136.27 
0.177716 5129.65 
0.177865 5123 
0.178015 5116.33 
0.178164 5109.64 
0.178313 5102.93 
0.178463 5096.19 
0.178612 5089.43 
0.178761 5082.64 
0.17891 5075.84 
0.17906 5069.01 
0.179209 5062.16 
0.179358 5055.28 
0.179508 5048.39 
0.179657 5041.47 
0.179806 5034.54 
0.179955 5027.58 
0.180105 5020.6 
0.180254 5013.6 
0.180403 5006.58 
0.180552 4999.53 
0.180702 4992.47 
0.180851 4985.39 
0.181 4978.29 
0.18115 4971.17 
0.181299 4964.03 
0.181448 4956.87 
0.181597 4949.69 
0.181747 4942.49 
0.181896 4935.27 
0.182045 4928.04 
0.182195 4920.79 
0.182344 4913.51 
0.182493 4906.23 
0.182642 4898.92 
0.182792 4891.59 
0.182941 4884.25 
0.18309 4876.89 
0.183239 4869.52 
0.183389 4862.12 
0.183538 4854.71 
0.183687 4847.29 
0.183837 4839.84 
0.183986 4832.39 
0.184135 4824.91 
0.184284 4817.42 
0.184434 4809.92 
0.184583 4802.4 
0.184732 4794.86 
0.184882 4787.31 
0.185031 4779.75 
0.18518 4772.17 
0.185329 4764.57 
0.185479 4756.96 
0.185628 4749.34 
0.185777 4741.71 
0.185927 4734.06 
0.186076 4726.39 
0.186225 4718.72 
0.186374 4711.03 
0.186524 4703.33 
0.186673 4695.62 
0.186822 4687.9 
0.186971 4680.16 
0.187121 4672.42 
0.18727 4664.67 
0.187419 4656.91 
0.187569 4649.15 
0.187718 4641.37 
0.187867 4633.59 
0.188016 4625.81 
0.188166 4618.02 
0.188315 4610.22 
0.188464 4602.42 
0.188614 4594.61 
0.188763 4586.8 
0.188912 4578.99 
0.189061 4571.18 
0.189211 4563.36 
0.18936 4555.55 
0.189509 4547.73 
0.189658 4539.91 
0.189808 4532.1 
0.189957 4524.28 
0.190106 4516.47 
0.190256 4508.66 
0.190405 4500.85 
0.190554 4493.04 
0.190703 4485.24 
0.190853 4477.44 
0.191002 4469.65 
0.191151 4461.86 
0.191301 4454.08 
0.19145 4446.31 
0.191599 4438.54 
0.191748 4430.78 
0.191898 4423.03 
0.192047 4415.29 
0.192196 4407.55 
0.192345 4399.83 
0.192495 4392.11 
0.192644 4384.41 
0.192793 4376.72 
0.192943 4369.04 
0.193092 4361.37 
0.193241 4353.71 
0.19339 4346.07 
0.19354 4338.44 
0.193689 4330.83 
0.193838 4323.23 
0.193988 4315.65 
0.194137 4308.08 
0.194286 4300.53 
0.194435 4293 
0.194585 4285.48 
0.194734 4277.98 
0.194883 4270.5 
0.195032 4263.04 
0.195182 4255.6 
0.195331 4248.18 
0.19548 4240.78 
0.19563 4233.4 
0.195779 4226.04 
0.195928 4218.71 
0.196077 4211.39 
0.196227 4204.1 
0.196376 4196.84 
0.196525 4189.6 
0.196675 4182.38 
0.196824 4175.18 
0.196973 4168.02 
0.197122 4160.88 
0.197272 4153.76 
0.197421 4146.67 
0.19757 4139.61 
0.19772 4132.58 
0.197869 4125.58 
0.198018 4118.6 
0.198167 4111.66 
0.198317 4104.74 
0.198466 4097.86 
0.198615 4091.01 
0.198764 4084.18 
0.198914 4077.39 
0.199063 4070.64 
0.199212 4063.91 
0.199362 4057.22 
0.199511 4050.56 
0.19966 4043.94 
0.199809 4037.35 
0.199959 4030.8 
0.200108 4024.28 
0.200257 4017.8 
0.200407 4011.35 
0.200556 4004.94 
0.200705 3998.57 
0.200854 3992.24 
0.201004 3985.95 
0.201153 3979.69 
0.201302 3973.48 
0.201451 3967.31 
0.201601 3961.17 
0.20175 3955.08 
0.201899 3949.03 
0.202049 3943.02 
0.202198 3937.05 
0.202347 3931.12 
0.202496 3925.24 
0.202646 3919.41 
0.202795 3913.61 
0.202944 3907.86 
0.203094 3902.16 
0.203243 3896.5 
0.203392 3890.89 
0.203541 3885.32 
0.203691 3879.79 
0.20384 3874.31 
0.203989 3868.87 
0.204138 3863.48 
0.204288 3858.13 
0.204437 3852.82 
0.204586 3847.55 
0.204736 3842.32 
0.204885 3837.13 
0.205034 3831.99 
0.205183 3826.88 
0.205333 3821.82 
0.205482 3816.79 
0.205631 3811.8 
0.205781 3806.86 
0.20593 3801.94 
0.206079 3797.07 
0.206228 3792.24 
0.206378 3787.44 
0.206527 3782.68 
0.206676 3777.95 
0.206826 3773.26 
0.206975 3768.61 
0.207124 3763.99 
0.207273 3759.41 
0.207423 3754.86 
0.207572 3750.35 
0.207721 3745.86 
0.20787 3741.42 
0.20802 3737 
0.208169 3732.62 
0.208318 3728.27 
0.208468 3723.95 
0.208617 3719.66 
0.208766 3715.41 
0.208915 3711.18 
0.209065 3706.99 
0.209214 3702.82 
0.209363 3698.69 
0.209513 3694.58 
0.209662 3690.51 
0.209811 3686.46 
0.20996 3682.44 
0.21011 3678.45 
0.210259 3674.48 
0.210408 3670.54 
0.210557 3666.63 
0.210707 3662.75 
0.210856 3658.89 
0.211005 3655.05 
0.211155 3651.24 
0.211304 3647.46 
0.211453 3643.7 
0.211602 3639.97 
0.211752 3636.26 
0.211901 3632.57 
0.21205 3628.9 
0.2122 3625.26 
0.212349 3621.64 
0.212498 3618.04 
0.212647 3614.47 
0.212797 3610.91 
0.212946 3607.38 
0.213095 3603.86 
0.213244 3600.37 
0.213394 3596.9 
0.213543 3593.44 
0.213692 3590.01 
0.213842 3586.59 
0.213991 3583.19 
0.21414 3579.81 
0.214289 3576.45 
0.214439 3573.1 
0.214588 3569.78 
0.214737 3566.46 
0.214887 3563.17 
0.215036 3559.89 
0.215185 3556.62 
0.215334 3553.37 
0.215484 3550.14 
0.215633 3546.92 
0.215782 3543.71 
0.215932 3540.52 
0.216081 3537.34 
0.21623 3534.18 
0.216379 3531.02 
0.216529 3527.88 
0.216678 3524.75 
0.216827 3521.64 
0.216976 3518.53 
0.217126 3515.44 
0.217275 3512.35 
0.217424 3509.28 
0.217574 3506.21 
0.217723 3503.16 
0.217872 3500.11 
0.218021 3497.07 
0.218171 3494.05 
0.21832 3491.02 
0.218469 3488.01 
0.218619 3485.01 
0.218768 3482.01 
0.218917 3479.01 
0.219066 3476.03 
0.219216 3473.05 
0.219365 3470.07 
0.219514 3467.1 
0.219663 3464.14 
0.219813 3461.18 
0.219962 3458.23 
0.220111 3455.27 
0.220261 3452.33 
0.22041 3449.38 
0.220559 3446.44 
0.220708 3443.5 
0.220858 3440.56 
0.221007 3437.62 
0.221156 3434.69 
0.221306 3431.76 
0.221455 3428.82 
0.221604 3425.89 
0.221753 3422.96 
0.221903 3420.02 
0.222052 3417.09 
0.222201 3414.16 
0.22235 3411.22 
0.2225 3408.29 
0.222649 3405.35 
0.222798 3402.42 
0.222948 3399.48 
0.223097 3396.54 
0.223246 3393.61 
0.223395 3390.67 
0.223545 3387.73 
0.223694 3384.78 
0.223843 3381.84 
0.223993 3378.9 
0.224142 3375.95 
0.224291 3373.01 
0.22444 3370.06 
0.22459 3367.11 
0.224739 3364.16 
0.224888 3361.21 
0.225038 3358.26 
0.225187 3355.3 
0.225336 3352.34 
0.225485 3349.39 
0.225635 3346.42 
0.225784 3343.46 
0.225933 3340.5 
0.226082 3337.53 
0.226232 3334.56 
0.226381 3331.59 
0.22653 3328.62 
0.22668 3325.64 
0.226829 3322.66 
0.226978 3319.68 
0.227127 3316.7 
0.227277 3313.71 
0.227426 3310.72 
0.227575 3307.73 
0.227725 3304.74 
0.227874 3301.74 
0.228023 3298.74 
0.228172 3295.74 
0.228322 3292.73 
0.228471 3289.72 
0.22862 3286.71 
0.228769 3283.69 
0.228919 3280.68 
0.229068 3277.65 
0.229217 3274.63 
0.229367 3271.6 
0.229516 3268.56 
0.229665 3265.53 
0.229814 3262.49 
0.229964 3259.44 
0.230113 3256.4 
0.230262 3253.34 
0.230412 3250.29 
0.230561 3247.23 
0.23071 3244.16 
0.230859 3241.1 
0.231009 3238.02 
0.231158 3234.95 
0.231307 3231.86 
0.231456 3228.78 
0.231606 3225.69 
0.231755 3222.59 
0.231904 3219.5 
0.232054 3216.39 
0.232203 3213.28 
0.232352 3210.17 
0.232501 3207.05 
0.232651 3203.93 
0.2328 3200.8 
0.232949 3197.67 
0.233099 3194.53 
0.233248 3191.38 
0.233397 3188.24 
0.233546 3185.08 
0.233696 3181.92 
0.233845 3178.76 
0.233994 3175.59 
0.234143 3172.41 
0.234293 3169.23 
0.234442 3166.04 
0.234591 3162.85 
0.234741 3159.65 
0.23489 3156.44 
0.235039 3153.23 
0.235188 3150.02 
0.235338 3146.79 
0.235487 3143.57 
0.235636 3140.33 
0.235786 3137.09 
0.235935 3133.84 
0.236084 3130.59 
0.236233 3127.33 
0.236383 3124.06 
0.236532 3120.79 
0.236681 3117.51 
0.236831 3114.22 
0.23698 3110.93 
0.237129 3107.63 
0.237278 3104.32 
0.237428 3101.01 
0.237577 3097.68 
0.237726 3094.36 
0.237875 3091.02 
0.238025 3087.68 
0.238174 3084.33 
0.238323 3080.97 
0.238473 3077.61 
0.238622 3074.24 
0.238771 3070.86 
0.23892 3067.47 
0.23907 3064.08 
0.239219 3060.68 
0.239368 3057.27 
0.239518 3053.85 
0.239667 3050.42 
0.239816 3046.99 
0.239965 3043.55 
0.240115 3040.1 
0.240264 3036.65 
0.240413 3033.18 
0.240562 3029.71 
0.240712 3026.23 
0.240861 3022.74 
0.24101 3019.24 
0.24116 3015.73 
0.241309 3012.22 
0.241458 3008.7 
0.241607 3005.16 
0.241757 3001.62 
0.241906 2998.07 
0.242055 2994.52 
0.242205 2990.95 
0.242354 2987.38 
0.242503 2983.79 
0.242652 2980.2 
0.242802 2976.6 
0.242951 2972.99 
0.2431 2969.38 
0.243249 2965.76 
0.243399 2962.13 
0.243548 2958.49 
0.243697 2954.85 
0.243847 2951.2 
0.243996 2947.54 
0.244145 2943.88 
0.244294 2940.21 
0.244444 2936.54 
0.244593 2932.86 
0.244742 2929.17 
0.244892 2925.48 
0.245041 2921.79 
0.24519 2918.09 
0.245339 2914.38 
0.245489 2910.67 
0.245638 2906.96 
0.245787 2903.25 
0.245937 2899.52 
0.246086 2895.8 
0.246235 2892.07 
0.246384 2888.34 
0.246534 2884.61 
0.246683 2880.87 
0.246832 2877.13 
0.246981 2873.39 
0.247131 2869.65 
0.24728 2865.9 
0.247429 2862.15 
0.247579 2858.4 
0.247728 2854.65 
0.247877 2850.9 
0.248026 2847.15 
0.248176 2843.39 
0.248325 2839.64 
0.248474 2835.88 
0.248624 2832.13 
0.248773 2828.37 
0.248922 2824.62 
0.249071 2820.86 
0.249221 2817.11 
0.24937 2813.35 
0.249519 2809.6 
0.249668 2805.85 
0.249818 2802.1 
0.249967 2798.35 
0.250116 2794.6 
0.250266 2790.85 
0.250415 2787.11 
0.250564 2783.37 
0.250713 2779.63 
0.250863 2775.89 
0.251012 2772.16 
0.251161 2768.43 
0.251311 2764.7 
0.25146 2760.98 
0.251609 2757.25 
0.251758 2753.54 
0.251908 2749.82 
0.252057 2746.11 
0.252206 2742.41 
0.252355 2738.71 
0.252505 2735.01 
0.252654 2731.32 
0.252803 2727.63 
0.252953 2723.95 
0.253102 2720.28 
0.253251 2716.61 
0.2534 2712.94 
0.25355 2709.28 
0.253699 2705.63 
0.253848 2701.99 
0.253998 2698.35 
0.254147 2694.71 
0.254296 2691.09 
0.254445 2687.47 
0.254595 2683.85 
0.254744 2680.25 
0.254893 2676.65 
0.255043 2673.06 
0.255192 2669.48 
0.255341 2665.91 
0.25549 2662.34 
0.25564 2658.79 
0.255789 2655.24 
0.255938 2651.7 
0.256087 2648.17 
0.256237 2644.65 
0.256386 2641.13 
0.256535 2637.63 
0.256685 2634.14 
0.256834 2630.65 
0.256983 2627.18 
0.257132 2623.72 
0.257282 2620.27 
0.257431 2616.82 
0.25758 2613.39 
0.25773 2609.97 
0.257879 2606.56 
0.258028 2603.17 
0.258177 2599.78 
0.258327 2596.4 
0.258476 2593.04 
0.258625 2589.69 
0.258774 2586.35 
0.258924 2583.02 
0.259073 2579.71 
0.259222 2576.41 
0.259372 2573.12 
0.259521 2569.84 
0.25967 2566.58 
0.259819 2563.33 
0.259969 2560.09 
0.260118 2556.87 
0.260267 2553.66 
0.260417 2550.47 
0.260566 2547.29 
0.260715 2544.12 
0.260864 2540.97 
0.261014 2537.83 
0.261163 2534.71 
0.261312 2531.6 
0.261461 2528.51 
0.261611 2525.43 
0.26176 2522.37 
0.261909 2519.33 
0.262059 2516.3 
0.262208 2513.29 
0.262357 2510.29 
0.262506 2507.31 
0.262656 2504.34 
0.262805 2501.39 
0.262954 2498.46 
0.263104 2495.55 
0.263253 2492.65 
0.263402 2489.77 
0.263551 2486.91 
0.263701 2484.07 
0.26385 2481.24 
0.263999 2478.43 
0.264148 2475.64 
0.264298 2472.87 
0.264447 2470.12 
0.264596 2467.38 
0.264746 2464.67 
0.264895 2461.97 
0.265044 2459.29 
0.265193 2456.62 
0.265343 2453.98 
0.265492 2451.35 
0.265641 2448.74 
0.265791 2446.15 
0.26594 2443.57 
0.266089 2441.01 
0.266238 2438.46 
0.266388 2435.94 
0.266537 2433.42 
0.266686 2430.93 
0.266836 2428.45 
0.266985 2425.98 
0.267134 2423.54 
0.267283 2421.1 
0.267433 2418.69 
0.267582 2416.28 
0.267731 2413.9 
0.26788 2411.52 
0.26803 2409.16 
0.268179 2406.82 
0.268328 2404.49 
0.268478 2402.17 
0.268627 2399.87 
0.268776 2397.59 
0.268925 2395.31 
0.269075 2393.05 
0.269224 2390.8 
0.269373 2388.57 
0.269523 2386.35 
0.269672 2384.14 
0.269821 2381.94 
0.26997 2379.76 
0.27012 2377.59 
0.270269 2375.43 
0.270418 2373.29 
0.270567 2371.15 
0.270717 2369.03 
0.270866 2366.92 
0.271015 2364.82 
0.271165 2362.73 
0.271314 2360.65 
0.271463 2358.59 
0.271612 2356.53 
0.271762 2354.48 
0.271911 2352.45 
0.27206 2350.43 
0.27221 2348.41 
0.272359 2346.41 
0.272508 2344.42 
0.272657 2342.43 
0.272807 2340.46 
0.272956 2338.49 
0.273105 2336.54 
0.273254 2334.59 
0.273404 2332.65 
0.273553 2330.72 
0.273702 2328.8 
0.273852 2326.89 
0.274001 2324.99 
0.27415 2323.09 
0.274299 2321.21 
0.274449 2319.33 
0.274598 2317.46 
0.274747 2315.59 
0.274897 2313.74 
0.275046 2311.89 
0.275195 2310.04 
0.275344 2308.21 
0.275494 2306.38 
0.275643 2304.56 
0.275792 2302.75 
0.275942 2300.94 
0.276091 2299.13 
0.27624 2297.34 
0.276389 2295.55 
0.276539 2293.76 
0.276688 2291.98 
0.276837 2290.21 
0.276986 2288.44 
0.277136 2286.68 
0.277285 2284.92 
0.277434 2283.17 
0.277584 2281.42 
0.277733 2279.68 
0.277882 2277.94 
0.278031 2276.2 
0.278181 2274.47 
0.27833 2272.74 
0.278479 2271.02 
0.278629 2269.3 
0.278778 2267.59 
0.278927 2265.87 
0.279076 2264.16 
0.279226 2262.46 
0.279375 2260.75 
0.279524 2259.05 
0.279673 2257.35 
0.279823 2255.66 
0.279972 2253.96 
0.280121 2252.27 
0.280271 2250.58 
0.28042 2248.9 
0.280569 2247.21 
0.280718 2245.53 
0.280868 2243.84 
0.281017 2242.16 
0.281166 2240.48 
0.281316 2238.8 
0.281465 2237.12 
0.281614 2235.44 
0.281763 2233.77 
0.281913 2232.09 
0.282062 2230.41 
0.282211 2228.74 
0.28236 2227.06 
0.28251 2225.38 
0.282659 2223.7 
0.282808 2222.03 
0.282958 2220.35 
0.283107 2218.67 
0.283256 2216.99 
0.283405 2215.3 
0.283555 2213.62 
0.283704 2211.94 
0.283853 2210.25 
0.284003 2208.56 
0.284152 2206.87 
0.284301 2205.18 
0.28445 2203.49 
0.2846 2201.79 
0.284749 2200.09 
0.284898 2198.39 
0.285048 2196.69 
0.285197 2194.98 
0.285346 2193.27 
0.285495 2191.56 
0.285645 2189.84 
0.285794 2188.12 
0.285943 2186.4 
0.286092 2184.67 
0.286242 2182.94 
0.286391 2181.2 
0.28654 2179.46 
0.28669 2177.72 
0.286839 2175.97 
0.286988 2174.22 
0.287137 2172.46 
0.287287 2170.7 
0.287436 2168.93 
0.287585 2167.15 
0.287735 2165.38 
0.287884 2163.59 
0.288033 2161.8 
0.288182 2160.01 
0.288332 2158.2 
0.288481 2156.4 
0.28863 2154.58 
0.288779 2152.76 
0.288929 2150.93 
0.289078 2149.1 
0.289227 2147.26 
0.289377 2145.42 
0.289526 2143.57 
0.289675 2141.71 
0.289824 2139.85 
0.289974 2137.98 
0.290123 2136.11 
0.290272 2134.23 
0.290422 2132.34 
0.290571 2130.45 
0.29072 2128.56 
0.290869 2126.66 
0.291019 2124.75 
0.291168 2122.84 
0.291317 2120.92 
0.291466 2119 
0.291616 2117.08 
0.291765 2115.15 
0.291914 2113.21 
0.292064 2111.27 
0.292213 2109.33 
0.292362 2107.38 
0.292511 2105.42 
0.292661 2103.47 
0.29281 2101.51 
0.292959 2099.54 
0.293109 2097.57 
0.293258 2095.6 
0.293407 2093.62 
0.293556 2091.64 
0.293706 2089.65 
0.293855 2087.66 
0.294004 2085.67 
0.294153 2083.67 
0.294303 2081.67 
0.294452 2079.67 
0.294601 2077.66 
0.294751 2075.65 
0.2949 2073.64 
0.295049 2071.62 
0.295198 2069.6 
0.295348 2067.58 
0.295497 2065.56 
0.295646 2063.53 
0.295796 2061.5 
0.295945 2059.46 
0.296094 2057.43 
0.296243 2055.39 
0.296393 2053.35 
0.296542 2051.31 
0.296691 2049.26 
0.296841 2047.21 
0.29699 2045.16 
0.297139 2043.11 
0.297288 2041.06 
0.297438 2039 
0.297587 2036.94 
0.297736 2034.88 
0.297885 2032.82 
0.298035 2030.76 
0.298184 2028.7 
0.298333 2026.63 
0.298483 2024.56 
0.298632 2022.49 
0.298781 2020.42 
0.29893 2018.35 
0.29908 2016.28 
0.299229 2014.21 
0.299378 2012.14 
0.299528 2010.06 
0.299677 2007.98 
0.299826 2005.91 
0.299975 2003.83 
0.300125 2001.75 
0.300274 1999.68 
0.300423 1997.6 
0.300572 1995.52 
0.300722 1993.44 
0.300871 1991.36 
0.30102 1989.28 
0.30117 1987.2 
0.301319 1985.12 
0.301468 1983.04 
0.301617 1980.96 
0.301767 1978.88 
0.301916 1976.8 
0.302065 1974.73 
0.302215 1972.65 
0.302364 1970.57 
0.302513 1968.49 
0.302662 1966.42 
0.302812 1964.34 
0.302961 1962.27 
0.30311 1960.19 
0.303259 1958.12 
0.303409 1956.05 
0.303558 1953.98 
0.303707 1951.91 
0.303857 1949.84 
0.304006 1947.77 
0.304155 1945.7 
0.304304 1943.64 
0.304454 1941.58 
0.304603 1939.51 
0.304752 1937.45 
0.304902 1935.4 
0.305051 1933.34 
0.3052 1931.29 
0.305349 1929.23 
0.305499 1927.18 
0.305648 1925.13 
0.305797 1923.09 
0.305947 1921.04 
0.306096 1919 
0.306245 1916.96 
0.306394 1914.92 
0.306544 1912.89 
0.306693 1910.86 
0.306842 1908.83 
0.306991 1906.8 
0.307141 1904.78 
0.30729 1902.75 
0.307439 1900.74 
0.307589 1898.72 
0.307738 1896.71 
0.307887 1894.7 
0.308036 1892.69 
0.308186 1890.69 
0.308335 1888.69 
0.308484 1886.69 
0.308634 1884.7 
0.308783 1882.71 
0.308932 1880.72 
0.309081 1878.74 
0.309231 1876.76 
0.30938 1874.79 
0.309529 1872.82 
0.309678 1870.85 
0.309828 1868.89 
0.309977 1866.93 
0.310126 1864.97 
0.310276 1863.02 
0.310425 1861.08 
0.310574 1859.13 
0.310723 1857.2 
0.310873 1855.26 
0.311022 1853.33 
0.311171 1851.41 
0.311321 1849.49 
0.31147 1847.58 
0.311619 1845.67 
0.311768 1843.76 
0.311918 1841.86 
0.312067 1839.97 
0.312216 1838.08 
0.312365 1836.19 
0.312515 1834.31 
0.312664 1832.44 
0.312813 1830.57 
0.312963 1828.7 
0.313112 1826.84 
0.313261 1824.99 
0.31341 1823.14 
0.31356 1821.3 
0.313709 1819.47 
0.313858 1817.63 
0.314008 1815.81 
0.314157 1813.99 
0.314306 1812.18 
0.314455 1810.37 
0.314605 1808.57 
0.314754 1806.78 
0.314903 1804.99 
0.315053 1803.21 
0.315202 1801.43 
0.315351 1799.66 
0.3155 1797.9 
0.31565 1796.14 
0.315799 1794.39 
0.315948 1792.65 
0.316097 1790.91 
0.316247 1789.18 
0.316396 1787.45 
0.316545 1785.73 
0.316695 1784.02 
0.316844 1782.31 
0.316993 1780.61 
0.317142 1778.91 
0.317292 1777.22 
0.317441 1775.54 
0.31759 1773.86 
0.31774 1772.18 
0.317889 1770.52 
0.318038 1768.85 
0.318187 1767.2 
0.318337 1765.55 
0.318486 1763.9 
0.318635 1762.26 
0.318784 1760.63 
0.318934 1759 
0.319083 1757.38 
0.319232 1755.76 
0.319382 1754.14 
0.319531 1752.54 
0.31968 1750.94 
0.319829 1749.34 
0.319979 1747.75 
0.320128 1746.16 
0.320277 1744.58 
0.320427 1743 
0.320576 1741.43 
0.320725 1739.86 
0.320874 1738.3 
0.321024 1736.74 
0.321173 1735.19 
0.321322 1733.64 
0.321471 1732.1 
0.321621 1730.56 
0.32177 1729.03 
0.321919 1727.5 
0.322069 1725.98 
0.322218 1724.46 
0.322367 1722.95 
0.322516 1721.44 
0.322666 1719.93 
0.322815 1718.43 
0.322964 1716.93 
0.323114 1715.44 
0.323263 1713.95 
0.323412 1712.47 
0.323561 1710.99 
0.323711 1709.51 
0.32386 1708.04 
0.324009 1706.58 
0.324159 1705.11 
0.324308 1703.66 
0.324457 1702.2 
0.324606 1700.75 
0.324756 1699.3 
0.324905 1697.86 
0.325054 1696.42 
0.325203 1694.99 
0.325353 1693.56 
0.325502 1692.13 
0.325651 1690.71 
0.325801 1689.29 
0.32595 1687.87 
0.326099 1686.46 
0.326248 1685.05 
0.326398 1683.65 
0.326547 1682.25 
0.326696 1680.85 
0.326846 1679.45 
0.326995 1678.06 
0.327144 1676.68 
0.327293 1675.29 
0.327443 1673.91 
0.327592 1672.53 
0.327741 1671.16 
0.32789 1669.79 
0.32804 1668.42 
0.328189 1667.06 
0.328338 1665.7 
0.328488 1664.34 
0.328637 1662.98 
0.328786 1661.63 
0.328935 1660.28 
0.329085 1658.94 
0.329234 1657.59 
0.329383 1656.25 
0.329533 1654.92 
0.329682 1653.58 
0.329831 1652.25 
0.32998 1650.92 
0.33013 1649.59 
0.330279 1648.27 
0.330428 1646.95 
0.330577 1645.63 
0.330727 1644.31 
0.330876 1643 
0.331025 1641.69 
0.331175 1640.38 
0.331324 1639.08 
0.331473 1637.77 
0.331622 1636.47 
0.331772 1635.17 
0.331921 1633.88 
0.33207 1632.58 
0.33222 1631.29 
0.332369 1630 
0.332518 1628.71 
0.332667 1627.43 
0.332817 1626.14 
0.332966 1624.86 
0.333115 1623.58 
0.333264 1622.31 
0.333414 1621.03 
0.333563 1619.76 
0.333712 1618.48 
0.333862 1617.21 
0.334011 1615.95 
0.33416 1614.68 
0.334309 1613.42 
0.334459 1612.15 
0.334608 1610.89 
0.334757 1609.63 
0.334907 1608.38 
0.335056 1607.12 
0.335205 1605.86 
0.335354 1604.61 
0.335504 1603.36 
0.335653 1602.11 
0.335802 1600.86 
0.335952 1599.61 
0.336101 1598.37 
0.33625 1597.12 
0.336399 1595.88 
0.336549 1594.64 
0.336698 1593.4 
0.336847 1592.16 
0.336996 1590.92 
0.337146 1589.68 
0.337295 1588.44 
0.337444 1587.21 
0.337594 1585.97 
0.337743 1584.74 
0.337892 1583.51 
0.338041 1582.27 
0.338191 1581.04 
0.33834 1579.81 
0.338489 1578.58 
0.338639 1577.36 
0.338788 1576.13 
0.338937 1574.9 
0.339086 1573.67 
0.339236 1572.45 
0.339385 1571.22 
0.339534 1570 
0.339683 1568.77 
0.339833 1567.55 
0.339982 1566.33 
0.340131 1565.1 
0.340281 1563.88 
0.34043 1562.66 
0.340579 1561.44 
0.340728 1560.22 
0.340878 1559 
0.341027 1557.78 
0.341176 1556.55 
0.341326 1555.33 
0.341475 1554.11 
0.341624 1552.89 
0.341773 1551.67 
0.341923 1550.45 
0.342072 1549.23 
0.342221 1548.01 
0.34237 1546.79 
0.34252 1545.57 
0.342669 1544.35 
0.342818 1543.13 
0.342968 1541.91 
0.343117 1540.69 
0.343266 1539.47 
0.343415 1538.25 
0.343565 1537.02 
0.343714 1535.8 
0.343863 1534.58 
0.344013 1533.35 
0.344162 1532.13 
0.344311 1530.91 
0.34446 1529.68 
0.34461 1528.46 
0.344759 1527.23 
0.344908 1526.01 
0.345058 1524.78 
0.345207 1523.55 
0.345356 1522.33 
0.345505 1521.1 
0.345655 1519.87 
0.345804 1518.64 
0.345953 1517.41 
0.346102 1516.19 
0.346252 1514.96 
0.346401 1513.73 
0.34655 1512.5 
0.3467 1511.27 
0.346849 1510.04 
0.346998 1508.81 
0.347147 1507.58 
0.347297 1506.35 
0.347446 1505.12 
0.347595 1503.89 
0.347745 1502.66 
0.347894 1501.43 
0.348043 1500.2 
0.348192 1498.96 
0.348342 1497.73 
0.348491 1496.5 
0.34864 1495.27 
0.348789 1494.04 
0.348939 1492.81 
0.349088 1491.58 
0.349237 1490.34 
0.349387 1489.11 
0.349536 1487.88 
0.349685 1486.65 
0.349834 1485.42 
0.349984 1484.19 
0.350133 1482.95 
0.350282 1481.72 
0.350432 1480.49 
0.350581 1479.26 
0.35073 1478.03 
0.350879 1476.8 
0.351029 1475.57 
0.351178 1474.34 
0.351327 1473.11 
0.351476 1471.88 
0.351626 1470.65 
0.351775 1469.42 
0.351924 1468.19 
0.352074 1466.96 
0.352223 1465.73 
0.352372 1464.5 
0.352521 1463.27 
0.352671 1462.04 
0.35282 1460.81 
0.352969 1459.59 
0.353119 1458.36 
0.353268 1457.13 
0.353417 1455.91 
0.353566 1454.68 
0.353716 1453.45 
0.353865 1452.23 
0.354014 1451 
0.354164 1449.78 
0.354313 1448.55 
0.354462 1447.33 
0.354611 1446.11 
0.354761 1444.88 
0.35491 1443.66 
0.355059 1442.44 
0.355208 1441.22 
0.355358 1439.99 
0.355507 1438.77 
0.355656 1437.55 
0.355806 1436.33 
0.355955 1435.11 
0.356104 1433.9 
0.356253 1432.68 
0.356403 1431.46 
0.356552 1430.24 
0.356701 1429.03 
0.356851 1427.81 
0.357 1426.6 
0.357149 1425.38 
0.357298 1424.17 
0.357448 1422.96 
0.357597 1421.75 
0.357746 1420.53 
0.357895 1419.32 
0.358045 1418.11 
0.358194 1416.9 
0.358343 1415.7 
0.358493 1414.49 
0.358642 1413.28 
0.358791 1412.07 
0.35894 1410.87 
0.35909 1409.67 
0.359239 1408.46 
0.359388 1407.26 
0.359538 1406.06 
0.359687 1404.86 
0.359836 1403.66 
0.359985 1402.46 
0.360135 1401.26 
0.360284 1400.06 
0.360433 1398.86 
0.360582 1397.67 
0.360732 1396.47 
0.360881 1395.28 
0.36103 1394.09 
0.36118 1392.89 
0.361329 1391.7 
0.361478 1390.51 
0.361627 1389.32 
0.361777 1388.14 
0.361926 1386.95 
0.362075 1385.76 
0.362225 1384.58 
0.362374 1383.4 
0.362523 1382.21 
0.362672 1381.03 
0.362822 1379.85 
0.362971 1378.67 
0.36312 1377.49 
0.363269 1376.32 
0.363419 1375.14 
0.363568 1373.97 
0.363717 1372.79 
0.363867 1371.62 
0.364016 1370.45 
0.364165 1369.28 
0.364314 1368.11 
0.364464 1366.95 
0.364613 1365.78 
0.364762 1364.62 
0.364912 1363.45 
0.365061 1362.29 
0.36521 1361.13 
0.365359 1359.97 
0.365509 1358.81 
0.365658 1357.65 
0.365807 1356.5 
0.365957 1355.34 
0.366106 1354.19 
0.366255 1353.04 
0.366404 1351.89 
0.366554 1350.74 
0.366703 1349.6 
0.366852 1348.45 
0.367001 1347.3 
0.367151 1346.16 
0.3673 1345.02 
0.367449 1343.88 
0.367599 1342.74 
0.367748 1341.61 
0.367897 1340.47 
0.368046 1339.34 
0.368196 1338.2 
0.368345 1337.07 
0.368494 1335.94 
0.368644 1334.82 
0.368793 1333.69 
0.368942 1332.57 
0.369091 1331.44 
0.369241 1330.32 
0.36939 1329.2 
0.369539 1328.08 
0.369688 1326.97 
0.369838 1325.85 
0.369987 1324.74 
0.370136 1323.63 
0.370286 1322.52 
0.370435 1321.41 
0.370584 1320.3 
0.370733 1319.2 
0.370883 1318.1 
0.371032 1317 
0.371181 1315.9 
0.371331 1314.8 
0.37148 1313.7 
0.371629 1312.61 
0.371778 1311.52 
0.371928 1310.43 
0.372077 1309.34 
0.372226 1308.25 
0.372375 1307.17 
0.372525 1306.08 
0.372674 1305 
0.372823 1303.92 
0.372973 1302.85 
0.373122 1301.77 
0.373271 1300.7 
0.37342 1299.62 
0.37357 1298.55 
0.373719 1297.49 
0.373868 1296.42 
0.374018 1295.36 
0.374167 1294.3 
0.374316 1293.24 
0.374465 1292.18 
0.374615 1291.12 
0.374764 1290.07 
0.374913 1289.02 
0.375063 1287.97 
0.375212 1286.92 
0.375361 1285.87 
0.37551 1284.83 
0.37566 1283.79 
0.375809 1282.75 
0.375958 1281.71 
0.376107 1280.68 
0.376257 1279.64 
0.376406 1278.61 
0.376555 1277.58 
0.376705 1276.56 
0.376854 1275.53 
0.377003 1274.51 
0.377152 1273.49 
0.377302 1272.47 
0.377451 1271.45 
0.3776 1270.44 
0.37775 1269.42 
0.377899 1268.41 
0.378048 1267.4 
0.378197 1266.4 
0.378347 1265.39 
0.378496 1264.39 
0.378645 1263.39 
0.378794 1262.39 
0.378944 1261.39 
0.379093 1260.4 
0.379242 1259.4 
0.379392 1258.41 
0.379541 1257.42 
0.37969 1256.43 
0.379839 1255.45 
0.379989 1254.47 
0.380138 1253.48 
0.380287 1252.5 
0.380437 1251.52 
0.380586 1250.55 
0.380735 1249.57 
0.380884 1248.6 
0.381034 1247.63 
0.381183 1246.66 
0.381332 1245.69 
0.381481 1244.73 
0.381631 1243.76 
0.38178 1242.8 
0.381929 1241.84 
0.382079 1240.88 
0.382228 1239.93 
0.382377 1238.97 
0.382526 1238.02 
0.382676 1237.07 
0.382825 1236.12 
0.382974 1235.17 
0.383124 1234.22 
0.383273 1233.28 
0.383422 1232.34 
0.383571 1231.4 
0.383721 1230.46 
0.38387 1229.52 
0.384019 1228.58 
0.384169 1227.65 
0.384318 1226.72 
0.384467 1225.78 
0.384616 1224.85 
0.384766 1223.93 
0.384915 1223 
0.385064 1222.08 
0.385213 1221.15 
0.385363 1220.23 
0.385512 1219.31 
0.385661 1218.39 
0.385811 1217.48 
0.38596 1216.56 
0.386109 1215.65 
0.386258 1214.74 
0.386408 1213.83 
0.386557 1212.92 
0.386706 1212.01 
0.386856 1211.11 
0.387005 1210.2 
0.387154 1209.3 
0.387303 1208.4 
0.387453 1207.5 
0.387602 1206.6 
0.387751 1205.7 
0.3879 1204.81 
0.38805 1203.92 
0.388199 1203.02 
0.388348 1202.13 
0.388498 1201.24 
0.388647 1200.36 
0.388796 1199.47 
0.388945 1198.59 
0.389095 1197.7 
0.389244 1196.82 
0.389393 1195.94 
0.389543 1195.06 
0.389692 1194.18 
0.389841 1193.31 
0.38999 1192.43 
0.39014 1191.56 
0.390289 1190.69 
0.390438 1189.82 
0.390587 1188.95 
0.390737 1188.08 
0.390886 1187.21 
0.391035 1186.35 
0.391185 1185.48 
0.391334 1184.62 
0.391483 1183.76 
0.391632 1182.9 
0.391782 1182.04 
0.391931 1181.18 
0.39208 1180.32 
0.39223 1179.47 
0.392379 1178.62 
0.392528 1177.76 
0.392677 1176.91 
0.392827 1176.06 
0.392976 1175.21 
0.393125 1174.37 
0.393274 1173.52 
0.393424 1172.67 
0.393573 1171.83 
0.393722 1170.99 
0.393872 1170.15 
0.394021 1169.31 
0.39417 1168.47 
0.394319 1167.63 
0.394469 1166.79 
0.394618 1165.96 
0.394767 1165.12 
0.394917 1164.29 
0.395066 1163.46 
0.395215 1162.63 
0.395364 1161.8 
0.395514 1160.97 
0.395663 1160.14 
0.395812 1159.31 
0.395962 1158.49 
0.396111 1157.66 
0.39626 1156.84 
0.396409 1156.02 
0.396559 1155.2 
0.396708 1154.38 
0.396857 1153.56 
0.397006 1152.74 
0.397156 1151.92 
0.397305 1151.11 
0.397454 1150.29 
0.397604 1149.48 
0.397753 1148.67 
0.397902 1147.85 
0.398051 1147.04 
0.398201 1146.23 
0.39835 1145.43 
0.398499 1144.62 
0.398649 1143.81 
0.398798 1143.01 
0.398947 1142.2 
0.399096 1141.4 
0.399246 1140.59 
0.399395 1139.79 
0.399544 1138.99 
0.399693 1138.19 
0.399843 1137.39 
0.399992 1136.59 
0.400141 1135.8 
0.400291 1135 
0.40044 1134.2 
0.400589 1133.41 
0.400738 1132.62 
0.400888 1131.82 
0.401037 1131.03 
0.401186 1130.24 
0.401336 1129.45 
0.401485 1128.66 
0.401634 1127.87 
0.401783 1127.08 
0.401933 1126.3 
0.402082 1125.51 
0.402231 1124.72 
0.40238 1123.94 
0.40253 1123.16 
0.402679 1122.37 
0.402828 1121.59 
0.402978 1120.81 
0.403127 1120.03 
0.403276 1119.25 
0.403425 1118.47 
0.403575 1117.69 
0.403724 1116.91 
0.403873 1116.14 
0.404023 1115.36 
0.404172 1114.58 
0.404321 1113.81 
0.40447 1113.03 
0.40462 1112.26 
0.404769 1111.49 
0.404918 1110.72 
0.405068 1109.95 
0.405217 1109.17 
0.405366 1108.4 
0.405515 1107.64 
0.405665 1106.87 
0.405814 1106.1 
0.405963 1105.33 
0.406112 1104.56 
0.406262 1103.8 
0.406411 1103.03 
0.40656 1102.27 
0.40671 1101.5 
0.406859 1100.74 
0.407008 1099.98 
0.407157 1099.21 
0.407307 1098.45 
0.407456 1097.69 
0.407605 1096.93 
0.407755 1096.17 
0.407904 1095.41 
0.408053 1094.65 
0.408202 1093.89 
0.408352 1093.13 
0.408501 1092.38 
0.40865 1091.62 
0.408799 1090.86 
0.408949 1090.11 
0.409098 1089.35 
0.409247 1088.6 
0.409397 1087.84 
0.409546 1087.09 
0.409695 1086.33 
0.409844 1085.58 
0.409994 1084.83 
0.410143 1084.08 
0.410292 1083.32 
0.410442 1082.57 
0.410591 1081.82 
0.41074 1081.07 
0.410889 1080.32 
0.411039 1079.57 
0.411188 1078.82 
0.411337 1078.07 
0.411486 1077.33 
0.411636 1076.58 
0.411785 1075.83 
0.411934 1075.08 
0.412084 1074.34 
0.412233 1073.59 
0.412382 1072.85 
0.412531 1072.1 
0.412681 1071.36 
0.41283 1070.61 
0.412979 1069.87 
0.413129 1069.12 
0.413278 1068.38 
0.413427 1067.64 
0.413576 1066.89 
0.413726 1066.15 
0.413875 1065.41 
0.414024 1064.67 
0.414174 1063.93 
0.414323 1063.19 
0.414472 1062.45 
0.414621 1061.71 
0.414771 1060.97 
0.41492 1060.23 
0.415069 1059.49 
0.415218 1058.75 
0.415368 1058.01 
0.415517 1057.28 
0.415666 1056.54 
0.415816 1055.8 
0.415965 1055.07 
0.416114 1054.33 
0.416263 1053.59 
0.416413 1052.86 
0.416562 1052.12 
0.416711 1051.39 
0.416861 1050.65 
0.41701 1049.92 
0.417159 1049.19 
0.417308 1048.45 
0.417458 1047.72 
0.417607 1046.99 
0.417756 1046.26 
0.417905 1045.52 
0.418055 1044.79 
0.418204 1044.06 
0.418353 1043.33 
0.418503 1042.6 
0.418652 1041.87 
0.418801 1041.14 
0.41895 1040.41 
0.4191 1039.68 
0.419249 1038.95 
0.419398 1038.22 
0.419548 1037.49 
0.419697 1036.76 
0.419846 1036.04 
0.419995 1035.31 
0.420145 1034.58 
0.420294 1033.85 
0.420443 1033.13 
0.420592 1032.4 
0.420742 1031.68 
0.420891 1030.95 
0.42104 1030.22 
0.42119 1029.5 
0.421339 1028.77 
0.421488 1028.05 
0.421637 1027.32 
0.421787 1026.6 
0.421936 1025.88 
0.422085 1025.15 
0.422235 1024.43 
0.422384 1023.71 
0.422533 1022.98 
0.422682 1022.26 
0.422832 1021.54 
0.422981 1020.82 
0.42313 1020.09 
0.42328 1019.37 
0.423429 1018.65 
0.423578 1017.93 
0.423727 1017.21 
0.423877 1016.49 
0.424026 1015.77 
0.424175 1015.05 
0.424324 1014.33 
0.424474 1013.61 
0.424623 1012.89 
0.424772 1012.17 
0.424922 1011.45 
0.425071 1010.73 
0.42522 1010.01 
0.425369 1009.29 
0.425519 1008.58 
0.425668 1007.86 
0.425817 1007.14 
0.425967 1006.42 
0.426116 1005.71 
0.426265 1004.99 
0.426414 1004.27 
0.426564 1003.56 
0.426713 1002.84 
0.426862 1002.12 
0.427011 1001.41 
0.427161 1000.69 
0.42731 999.976 
0.427459 999.26 
0.427609 998.545 
0.427758 997.83 
0.427907 997.115 
0.428056 996.4 
0.428206 995.686 
0.428355 994.971 
0.428504 994.257 
0.428654 993.543 
0.428803 992.829 
0.428952 992.115 
0.429101 991.402 
0.429251 990.688 
0.4294 989.975 
0.429549 989.262 
0.429698 988.549 
0.429848 987.836 
0.429997 987.124 
0.430146 986.411 
0.430296 985.699 
0.430445 984.987 
0.430594 984.275 
0.430743 983.563 
0.430893 982.851 
0.431042 982.14 
0.431191 981.428 
0.431341 980.717 
0.43149 980.006 
0.431639 979.295 
0.431788 978.584 
0.431938 977.873 
0.432087 977.162 
0.432236 976.452 
0.432385 975.741 
0.432535 975.031 
0.432684 974.321 
0.432833 973.611 
0.432983 972.901 
0.433132 972.191 
0.433281 971.481 
0.43343 970.771 
0.43358 970.062 
0.433729 969.352 
0.433878 968.643 
0.434028 967.934 
0.434177 967.225 
0.434326 966.515 
0.434475 965.806 
0.434625 965.097 
0.434774 964.389 
0.434923 963.68 
0.435073 962.971 
0.435222 962.263 
0.435371 961.554 
0.43552 960.846 
0.43567 960.137 
0.435819 959.429 
0.435968 958.721 
0.436117 958.013 
0.436267 957.304 
0.436416 956.596 
0.436565 955.888 
0.436715 955.18 
0.436864 954.473 
0.437013 953.765 
0.437162 953.057 
0.437312 952.349 
0.437461 951.642 
0.43761 950.934 
0.43776 950.226 
0.437909 949.519 
0.438058 948.811 
0.438207 948.104 
0.438357 947.396 
0.438506 946.689 
0.438655 945.982 
0.438804 945.274 
0.438954 944.567 
0.439103 943.86 
0.439252 943.152 
0.439402 942.445 
0.439551 941.738 
0.4397 941.031 
0.439849 940.324 
0.439999 939.616 
0.440148 938.909 
0.440297 938.202 
0.440447 937.495 
0.440596 936.788 
0.440745 936.081 
0.440894 935.373 
0.441044 934.666 
0.441193 933.959 
0.441342 933.252 
0.441491 932.545 
0.441641 931.838 
0.44179 931.13 
0.441939 930.423 
0.442089 929.716 
0.442238 929.009 
0.442387 928.301 
0.442536 927.594 
0.442686 926.887 
0.442835 926.179 
0.442984 925.472 
0.443134 924.765 
0.443283 924.057 
0.443432 923.35 
0.443581 922.642 
0.443731 921.935 
0.44388 921.227 
0.444029 920.519 
0.444179 919.812 
0.444328 919.104 
0.444477 918.396 
0.444626 917.688 
0.444776 916.981 
0.444925 916.273 
0.445074 915.565 
0.445223 914.857 
0.445373 914.149 
0.445522 913.44 
0.445671 912.732 
0.445821 912.024 
0.44597 911.316 
0.446119 910.607 
0.446268 909.899 
0.446418 909.19 
0.446567 908.481 
0.446716 907.773 
0.446866 907.064 
0.447015 906.355 
0.447164 905.646 
0.447313 904.937 
0.447463 904.228 
0.447612 903.519 
0.447761 902.809 
